2499	0.0182495
4999	0.0480957
7499	0.170166
9999	0.292236
12499	0.414062
14999	0.207031
17499	0.28125
19999	0.769531
22499	1.2583
24999	1.74658
27499	2.23438
29999	2.72266
32499	3.21094
34999	3.69922
37499	4.1875
39999	4.67578
42499	5.16504
44999	5.65332
47499	6.1416
49999	6.62988
52499	7.11816
54999	7.25195
57499	5.29883
59999	3.3457
62499	1.39258
64999	0.560547
67499	2.51367
69999	4.4668
72499	6.41992
74999	8.37305
77499	10.3262
79999	12.2793
82499	14.2305
84999	16.1836
87499	18.1367
89999	20.0898
92499	22.043
94999	23.9961
97499	25.9492
99999	27.9023
102499	29.8555
104999	31.8086
107499	33.7617
109999	35.7148
112499	37.668
114999	39.6211
117499	41.5742
119999	43.5273
122499	45.4805
124999	47.4336
127499	49.3867
129999	51.3398
132499	53.293
134999	55.2461
137499	57.1992
139999	59.1523
142499	61.1055
144999	63.0586
147499	65.0117
149999	66.9648
152499	68.918
154999	70.8711
157499	72.8242
159999	74.7773
162499	76.7305
164999	78.6797
167499	80.6328
169999	82.5859
172499	84.5391
174999	86.4922
177499	88.4453
179999	90.3984
182499	92.3516
184999	94.3047
187499	96.2578
189999	98.2109
192499	100.164
194999	102.117
197499	104.07
199999	106.023
202499	107.977
204999	109.93
207499	111.883
209999	113.836
212499	115.789
214999	117.742
217499	119.695
219999	114.047
222499	106.234
224999	98.4219
227499	90.6094
229999	82.7969
232499	74.9844
234999	67.1719
237499	59.3594
239999	51.5469
242499	43.7344
244999	35.9219
247499	28.1094
249999	20.2969
252499	12.4844
254999	4.67188
257499	3.14062
259999	10.9531
262499	18.7656
264999	26.5781
267499	34.3906
269999	42.2031
272499	50.0156
274999	57.8281
277499	65.6406
279999	73.4531
282499	81.2656
284999	89.0781
287499	96.8906
289999	104.703
292499	112.516
294999	120.328
297499	128.141
299999	135.953
302499	143.766
304999	151.578
307499	159.391
309999	167.203
312499	175.016
314999	182.828
317499	190.641
319999	198.453
322499	206.266
324999	214.078
327499	221.891
329999	229.711
332499	237.523
334999	245.336
337499	253.148
339999	260.961
342499	268.773
344999	276.586
347499	284.398
349999	292.211
352499	300.023
354999	307.836
357499	315.648
359999	323.461
362499	331.273
364999	339.086
367499	346.898
369999	354.711
372499	362.523
374999	370.336
377499	378.148
379999	385.961
382499	393.773
384999	401.586
387499	409.398
389999	417.211
392499	425.023
394999	432.836
397499	440.648
399999	448.461
402499	456.273
404999	464.086
407499	471.898
409999	479.711
412499	487.523
414999	495.336
417499	503.148
419999	510.961
422499	518.773
424999	526.586
427499	534.398
429999	542.211
432499	550.023
434999	557.836
437499	565.641
439999	573.453
442499	581.266
444999	589.078
447499	596.891
449999	604.703
452499	612.516
454999	620.328
457499	628.141
459999	635.953
462499	643.766
464999	651.578
467499	659.391
469999	667.203
472499	675.016
474999	682.828
477499	690.641
479999	698.453
482499	706.266
484999	714.078
487499	721.891
489999	729.703
492499	737.516
494999	745.328
497499	753.141
499999	760.953
502499	768.766
504999	776.578
507499	784.391
509999	792.203
512499	800.016
514999	807.828
517499	815.641
519999	823.453
522499	831.266
524999	839.078
527499	846.891
529999	854.703
532499	862.516
534999	870.328
537499	878.141
539999	885.953
542499	893.766
544999	901.578
547499	909.391
549999	917.203
552499	925.016
554999	932.828
557499	940.641
559999	948.453
562499	956.266
564999	964.078
567499	971.891
569999	979.703
572499	987.516
574999	995.328
577499	1003.14
579999	1010.95
582499	1018.77
584999	1026.58
587499	1034.39
589999	1042.2
592499	1050.02
594999	1057.83
597499	1065.64
599999	1073.45
602499	1081.27
604999	1089.08
607499	1096.89
609999	1104.7
612499	1112.52
614999	1120.33
617499	1128.14
619999	1135.95
622499	1143.77
624999	1151.58
627499	1159.39
629999	1167.2
632499	1175.02
634999	1182.83
637499	1190.64
639999	1198.45
642499	1206.27
644999	1214.08
647499	1221.89
649999	1229.7
652499	1237.52
654999	1245.33
657499	1253.16
659999	1260.97
662499	1268.78
664999	1276.59
667499	1284.41
669999	1292.22
672499	1300.03
674999	1307.84
677499	1315.66
679999	1323.47
682499	1331.28
684999	1339.09
687499	1346.91
689999	1354.72
692499	1362.53
694999	1370.34
697499	1378.16
699999	1385.97
702499	1393.78
704999	1401.59
707499	1409.41
709999	1417.22
712499	1425.03
714999	1432.84
717499	1440.66
719999	1448.47
722499	1456.28
724999	1464.09
727499	1471.91
729999	1479.72
732499	1487.53
734999	1495.34
737499	1503.16
739999	1510.97
742499	1518.78
744999	1526.59
747499	1534.41
749999	1542.22
752499	1550.03
754999	1557.84
757499	1565.66
759999	1573.47
762499	1581.28
764999	1589.09
767499	1596.91
769999	1604.72
772499	1612.53
774999	1620.34
777499	1628.16
779999	1635.97
782499	1643.78
784999	1651.59
787499	1659.41
789999	1667.22
792499	1675.03
794999	1682.84
797499	1690.66
799999	1698.47
802499	1706.28
804999	1714.09
807499	1721.91
809999	1729.72
812499	1737.53
814999	1745.34
817499	1753.16
819999	1760.97
822499	1768.78
824999	1776.59
827499	1784.41
829999	1792.22
832499	1800.03
834999	1807.84
837499	1815.66
839999	1823.47
842499	1831.28
844999	1839.09
847499	1846.91
849999	1854.72
852499	1862.53
854999	1870.34
857499	1878.16
859999	1885.97
862499	1893.78
864999	1901.59
867499	1909.41
869999	1917.22
872499	1925.03
874999	1932.83
877499	1940.64
879999	1948.45
882499	1922.06
884999	1890.81
887499	1859.56
889999	1828.31
892499	1797.06
894999	1765.81
897499	1734.56
899999	1703.31
902499	1672.06
904999	1640.81
907499	1609.56
909999	1578.31
912499	1547.06
914999	1515.81
917499	1484.56
919999	1453.31
922499	1422.06
924999	1390.81
927499	1359.56
929999	1328.31
932499	1297.06
934999	1265.81
937499	1234.56
939999	1203.31
942499	1172.06
944999	1140.81
947499	1109.56
949999	1078.31
952499	1047.06
954999	1015.81
957499	984.562
959999	953.312
962499	922.062
964999	890.812
967499	859.562
969999	828.312
972499	797.062
974999	765.812
977499	734.562
979999	703.312
982499	672.062
984999	640.812
987499	609.562
989999	578.312
992499	547.062
994999	515.812
997499	484.562
999999	453.312
1002499	422.062
1004999	390.812
1007499	359.562
1009999	328.312
1012499	297.062
1014999	265.812
1017499	234.562
1019999	203.312
1022499	172.062
1024999	140.812
1027499	109.562
1029999	78.3125
1032499	47.0625
1034999	15.8125
1037499	15.4375
1039999	46.6875
1042499	77.9375
1044999	109.188
1047499	140.438
1049999	171.688
1052499	202.938
1054999	234.188
1057499	265.438
1059999	296.688
1062499	327.938
1064999	359.188
1067499	390.438
1069999	421.688
1072499	452.938
1074999	484.188
1077499	515.438
1079999	546.688
1082499	577.938
1084999	609.188
1087499	640.438
1089999	671.688
1092499	702.938
1094999	734.188
1097499	765.438
1099999	796.688
1102499	827.938
1104999	859.188
1107499	890.438
1109999	921.688
1112499	952.938
1114999	984.188
1117499	1015.44
1119999	1046.69
1122499	1077.94
1124999	1109.19
1127499	1140.44
1129999	1171.69
1132499	1202.94
1134999	1234.19
1137499	1265.44
1139999	1296.69
1142499	1327.94
1144999	1359.19
1147499	1390.44
1149999	1421.69
1152499	1452.94
1154999	1484.19
1157499	1515.44
1159999	1546.69
1162499	1577.94
1164999	1609.19
1167499	1640.44
1169999	1671.69
1172499	1702.94
1174999	1734.19
1177499	1765.44
1179999	1796.69
1182499	1827.94
1184999	1859.19
1187499	1890.44
1189999	1921.69
1192499	1952.94
1194999	1984.19
1197499	2015.44
1199999	2046.69
1202499	2077.94
1204999	2109.19
1207499	2140.44
1209999	2171.69
1212499	2202.94
1214999	2234.19
1217499	2265.44
1219999	2296.69
1222499	2327.94
1224999	2359.19
1227499	2390.44
1229999	2421.69
1232499	2452.94
1234999	2484.19
1237499	2515.44
1239999	2546.69
1242499	2577.94
1244999	2609.19
1247499	2640.44
1249999	2671.69
1252499	2702.94
1254999	2734.19
1257499	2765.44
1259999	2796.69
1262499	2827.94
1264999	2859.19
1267499	2890.44
1269999	2921.69
1272499	2952.94
1274999	2984.19
1277499	3015.44
1279999	3046.69
1282499	3077.94
1284999	3109.19
1287499	3140.44
1289999	3171.69
1292499	3202.94
1294999	3234.19
1297499	3265.44
1299999	3296.69
1302499	3327.94
1304999	3359.19
1307499	3390.44
1309999	3421.69
1312499	3452.91
1314999	3484.16
1317499	3515.41
1319999	3546.66
1322499	3577.91
1324999	3609.16
1327499	3640.41
1329999	3671.66
1332499	3702.91
1334999	3734.16
1337499	3765.41
1339999	3796.66
1342499	3827.91
1344999	3859.16
1347499	3890.41
1349999	3921.66
1352499	3952.91
1354999	3984.16
1357499	4015.41
1359999	4046.66
1362499	4077.91
1364999	4109.16
1367499	4140.41
1369999	4171.66
1372499	4202.91
1374999	4234.16
1377499	4265.41
1379999	4296.66
1382499	4327.91
1384999	4359.16
1387499	4390.41
1389999	4421.66
1392499	4452.91
1394999	4484.16
1397499	4515.41
1399999	4546.66
1402499	4577.91
1404999	4609.16
1407499	4640.41
1409999	4671.66
1412499	4702.91
1414999	4734.16
1417499	4765.41
1419999	4796.66
1422499	4827.91
1424999	4859.16
1427499	4890.41
1429999	4921.66
1432499	4952.91
1434999	4984.16
1437499	5015.41
1439999	5046.66
1442499	5077.91
1444999	5109.16
1447499	5140.41
1449999	5171.66
1452499	5202.91
1454999	5234.16
1457499	5265.41
1459999	5296.66
1462499	5327.91
1464999	5359.16
1467499	5390.41
1469999	5421.66
1472499	5452.91
1474999	5484.16
1477499	5515.41
1479999	5546.66
1482499	5577.91
1484999	5609.16
1487499	5640.41
1489999	5671.66
1492499	5702.91
1494999	5734.16
1497499	5765.41
1499999	5796.66
1502499	5827.91
1504999	5859.16
1507499	5890.41
1509999	5921.66
1512499	5952.91
1514999	5984.16
1517499	6015.41
1519999	6046.66
1522499	6077.91
1524999	6109.16
1527499	6140.41
1529999	6171.66
1532499	6202.91
1534999	6234.16
1537499	6265.41
1539999	6296.66
1542499	6327.91
1544999	6359.16
1547499	6390.41
1549999	6421.66
1552499	6452.91
1554999	6484.16
1557499	6515.41
1559999	6546.66
1562499	6577.91
1564999	6609.16
1567499	6640.41
1569999	6671.66
1572499	6702.91
1574999	6734.16
1577499	6765.41
1579999	6796.66
1582499	6827.91
1584999	6859.16
1587499	6890.41
1589999	6921.66
1592499	6952.91
1594999	6984.16
1597499	7015.41
1599999	7046.66
1602499	7077.91
1604999	7109.16
1607499	7140.41
1609999	7171.66
1612499	7202.91
1614999	7234.16
1617499	7265.41
1619999	7296.66
1622499	7327.91
1624999	7359.16
1627499	7390.41
1629999	7421.66
1632499	7452.91
1634999	7484.16
1637499	7515.41
1639999	7546.66
1642499	7577.91
1644999	7609.16
1647499	7640.41
1649999	7671.66
1652499	7702.91
1654999	7734.16
1657499	7765.41
1659999	7796.66
1662499	7827.91
1664999	7859.16
1667499	7890.41
1669999	7921.66
1672499	7952.91
1674999	7984.16
1677499	8015.41
1679999	8046.66
1682499	8077.91
1684999	8109.16
1687499	8140.41
1689999	8171.66
1692499	8202.91
1694999	8234.16
1697499	8265.41
1699999	8296.66
1702499	8327.91
1704999	8359.16
1707499	8390.41
1709999	8421.66
1712499	8452.91
1714999	8484.16
1717499	8515.41
1719999	8546.66
1722499	8577.91
1724999	8609.16
1727499	8640.41
1729999	8671.66
1732499	8702.91
1734999	8734.16
1737499	8765.41
1739999	8796.66
1742499	8827.91
1744999	8859.16
1747499	8890.41
1749999	8921.69
1752499	8952.94
1754999	8984.19
1757499	9015.44
1759999	9046.69
1762499	9077.94
1764999	9109.19
1767499	9140.44
1769999	9171.69
1772499	9202.94
1774999	9234.19
1777499	9265.44
1779999	9296.69
1782499	9327.94
1784999	9359.19
1787499	9390.44
1789999	9421.69
1792499	9452.94
1794999	9484.19
1797499	9515.44
1799999	9546.69
1802499	9577.94
1804999	9609.19
1807499	9640.44
1809999	9671.69
1812499	9702.94
1814999	9734.19
1817499	9765.44
1819999	9796.69
1822499	9827.94
1824999	9859.19
1827499	9890.44
1829999	9921.69
1832499	9952.94
1834999	9984.19
1837499	10015.4
1839999	10046.7
1842499	10077.9
1844999	10109.2
1847499	10140.4
1849999	10171.7
1852499	10202.9
1854999	10234.2
1857499	10265.4
1859999	10296.7
1862499	10327.9
1864999	10359.2
1867499	10390.4
1869999	10421.7
1872499	10452.9
1874999	10484.2
1877499	10515.4
1879999	10546.7
1882499	10577.9
1884999	10609.2
1887499	10640.4
1889999	10671.7
1892499	10702.9
1894999	10734.2
1897499	10765.4
1899999	10796.7
1902499	10827.9
1904999	10859.2
1907499	10890.4
1909999	10921.7
1912499	10952.9
1914999	10984.2
1917499	11015.4
1919999	11046.7
1922499	11077.9
1924999	11109.2
1927499	11140.4
1929999	11171.7
1932499	11202.9
1934999	11234.2
1937499	11265.4
1939999	11296.7
1942499	11327.9
1944999	11359.2
1947499	11390.4
1949999	11421.7
1952499	11452.9
1954999	11484.2
1957499	11515.4
1959999	11546.7
1962499	11577.9
1964999	11609.2
1967499	11640.4
1969999	11671.7
1972499	11702.9
1974999	11734.2
1977499	11765.4
1979999	11796.7
1982499	11827.9
1984999	11859.2
1987499	11890.4
1989999	11921.7
1992499	11952.9
1994999	11984.2
1997499	12015.4
1999999	12046.7
2002499	12077.9
2004999	12109.2
2007499	12140.4
2009999	12171.7
2012499	12202.9
2014999	12234.2
2017499	12265.4
2019999	12296.7
2022499	12327.9
2024999	12359.2
2027499	12390.4
2029999	12421.7
2032499	12452.9
2034999	12484.2
2037499	12515.4
2039999	12546.7
2042499	12577.9
2044999	12609.2
2047499	12640.4
2049999	12671.7
2052499	12702.9
2054999	12734.2
2057499	12765.4
2059999	12796.7
2062499	12827.9
2064999	12859.2
2067499	12890.4
2069999	12921.7
2072499	12952.9
2074999	12984.2
2077499	13015.4
2079999	13046.7
2082499	13077.9
2084999	13109.2
2087499	13140.4
2089999	13171.7
2092499	13202.9
2094999	13234.2
2097499	13265.4
2099999	13296.7
2102499	13327.9
2104999	13359.2
2107499	13390.4
2109999	13421.7
2112499	13452.9
2114999	13484.2
2117499	13515.4
2119999	13546.7
2122499	13577.9
2124999	13609.2
2127499	13640.4
2129999	13671.7
2132499	13702.9
2134999	13734.2
2137499	13765.4
2139999	13796.7
2142499	13827.9
2144999	13859.2
2147499	13890.4
2149999	13921.7
2152499	13952.9
2154999	13984.2
2157499	14015.4
2159999	14046.7
2162499	14077.9
2164999	14109.2
2167499	14140.4
2169999	14171.7
2172499	14202.9
2174999	14234.2
2177499	14265.4
2179999	14296.7
2182499	14327.9
2184999	14359.2
2187499	14390.4
2189999	14421.7
2192499	14452.9
2194999	14484.2
2197499	14515.4
2199999	14546.7
2202499	14577.9
2204999	14609.2
2207499	14640.4
2209999	14671.7
2212499	14702.9
2214999	14734.2
2217499	14765.4
2219999	14796.7
2222499	14827.9
2224999	14859.2
2227499	14890.4
2229999	14921.7
2232499	14952.9
2234999	14984.2
2237499	15015.4
2239999	15046.7
2242499	15077.9
2244999	15109.2
2247499	15140.4
2249999	15171.7
2252499	15202.9
2254999	15234.2
2257499	15265.4
2259999	15296.7
2262499	15327.9
2264999	15359.2
2267499	15390.4
2269999	15421.7
2272499	15452.9
2274999	15484.2
2277499	15515.4
2279999	15546.7
2282499	15577.9
2284999	15609.2
2287499	15640.4
2289999	15671.7
2292499	15702.9
2294999	15734.2
2297499	15765.4
2299999	15796.7
2302499	15827.9
2304999	15859.2
2307499	15890.4
2309999	15921.7
2312499	15952.9
2314999	15984.2
2317499	16015.4
2319999	16046.7
2322499	16077.9
2324999	16109.2
2327499	16140.4
2329999	16171.7
2332499	16202.9
2334999	16234.2
2337499	16265.4
2339999	16296.7
2342499	16327.9
2344999	16359.2
2347499	16390.4
2349999	16421.7
2352499	16452.9
2354999	16484.2
2357499	16515.4
2359999	16546.7
2362499	16577.9
2364999	16609.2
2367499	16640.4
2369999	16671.7
2372499	16702.9
2374999	16734.2
2377499	16765.4
2379999	16796.7
2382499	16827.9
2384999	16859.2
2387499	16890.4
2389999	16921.7
2392499	16952.9
2394999	16984.2
2397499	17015.4
2399999	17046.7
2402499	17077.9
2404999	17109.2
2407499	17140.4
2409999	17171.7
2412499	17202.9
2414999	17234.2
2417499	17265.4
2419999	17296.7
2422499	17327.9
2424999	17359.2
2427499	17390.4
2429999	17421.7
2432499	17452.9
2434999	17484.2
2437499	17515.4
2439999	17546.7
2442499	17577.9
2444999	17609.2
2447499	17640.4
2449999	17671.7
2452499	17702.9
2454999	17734.2
2457499	17765.4
2459999	17796.7
2462499	17827.9
2464999	17859.2
2467499	17890.4
2469999	17921.7
2472499	17952.9
2474999	17984.2
2477499	18015.4
2479999	18046.7
2482499	18077.9
2484999	18109.2
2487499	18140.4
2489999	18171.7
2492499	18202.9
2494999	18234.2
2497499	18265.4
2499999	18296.7
2502499	18327.9
2504999	18359.2
2507499	18390.4
2509999	18421.7
2512499	18452.9
2514999	18484.2
2517499	18515.4
2519999	18546.7
2522499	18577.9
2524999	18609.2
2527499	18640.4
2529999	18671.7
2532499	18702.9
2534999	18734.2
2537499	18765.4
2539999	18796.7
2542499	18827.9
2544999	18859.2
2547499	18890.4
2549999	18921.7
2552499	18952.9
2554999	18984.2
2557499	19015.4
2559999	19046.7
2562499	19077.9
2564999	19109.2
2567499	19140.4
2569999	19171.7
2572499	19202.9
2574999	19234.2
2577499	19265.4
2579999	19296.7
2582499	19327.9
2584999	19359.2
2587499	19390.4
2589999	19421.7
2592499	19452.9
2594999	19484.2
2597499	19515.4
2599999	19546.7
2602499	19577.9
2604999	19609.2
2607499	19640.4
2609999	19671.7
2612499	19702.9
2614999	19734.2
2617499	19765.4
2619999	19796.7
2622499	19827.9
2624999	19859.1
2627499	19890.4
2629999	19921.6
2632499	19952.9
2634999	19984.1
2637499	20015.4
2639999	20046.6
2642499	20077.9
2644999	20109.1
2647499	20140.4
2649999	20171.6
2652499	20202.9
2654999	20234.1
2657499	20265.4
2659999	20296.6
2662499	20327.9
2664999	20359.1
2667499	20390.4
2669999	20421.6
2672499	20452.9
2674999	20484.1
2677499	20515.4
2679999	20546.6
2682499	20577.9
2684999	20609.1
2687499	20640.4
2689999	20671.6
2692499	20702.9
2694999	20734.1
2697499	20765.4
2699999	20796.6
2702499	20827.9
2704999	20859.1
2707499	20890.4
2709999	20921.6
2712499	20952.9
2714999	20984.1
2717499	21015.4
2719999	21046.6
2722499	21077.9
2724999	21109.1
2727499	21140.4
2729999	21171.6
2732499	21202.9
2734999	21234.1
2737499	21265.4
2739999	21296.6
2742499	21327.9
2744999	21359.1
2747499	21390.4
2749999	21421.6
2752499	21452.9
2754999	21484.1
2757499	21515.4
2759999	21546.6
2762499	21577.9
2764999	21609.1
2767499	21640.4
2769999	21671.6
2772499	21702.9
2774999	21734.1
2777499	21765.4
2779999	21796.6
2782499	21827.9
2784999	21859.1
2787499	21890.4
2789999	21921.6
2792499	21952.9
2794999	21984.1
2797499	22015.4
2799999	22046.6
2802499	22077.9
2804999	22109.1
2807499	22140.4
2809999	22171.6
2812499	22202.9
2814999	22234.1
2817499	22265.4
2819999	22296.6
2822499	22327.9
2824999	22359.1
2827499	22390.4
2829999	22421.6
2832499	22452.9
2834999	22484.1
2837499	22515.4
2839999	22546.6
2842499	22577.9
2844999	22609.1
2847499	22640.4
2849999	22671.6
2852499	22702.9
2854999	22734.1
2857499	22765.4
2859999	22796.6
2862499	22827.9
2864999	22859.1
2867499	22890.4
2869999	22921.6
2872499	22952.9
2874999	22984.1
2877499	23015.4
2879999	23046.6
2882499	23077.9
2884999	23109.1
2887499	23140.4
2889999	23171.6
2892499	23202.9
2894999	23234.1
2897499	23265.4
2899999	23296.6
2902499	23327.9
2904999	23359.1
2907499	23390.4
2909999	23421.6
2912499	23452.9
2914999	23484.1
2917499	23515.4
2919999	23546.6
2922499	23577.9
2924999	23609.1
2927499	23640.4
2929999	23671.6
2932499	23702.9
2934999	23734.1
2937499	23765.4
2939999	23796.6
2942499	23827.9
2944999	23859.1
2947499	23890.4
2949999	23921.6
2952499	23952.9
2954999	23984.1
2957499	24015.4
2959999	24046.6
2962499	24077.9
2964999	24109.1
2967499	24140.4
2969999	24171.6
2972499	24202.9
2974999	24234.1
2977499	24265.4
2979999	24296.6
2982499	24327.9
2984999	24359.1
2987499	24390.4
2989999	24421.6
2992499	24452.9
2994999	24484.1
2997499	24515.4
2999999	24546.6
3002499	24577.9
3004999	24609.1
3007499	24640.4
3009999	24671.6
3012499	24702.9
3014999	24734.1
3017499	24765.4
3019999	24796.6
3022499	24827.9
3024999	24859.1
3027499	24890.4
3029999	24921.6
3032499	24952.9
3034999	24984.1
3037499	25015.4
3039999	25046.6
3042499	25077.9
3044999	25109.1
3047499	25140.4
3049999	25171.6
3052499	25202.9
3054999	25234.1
3057499	25265.4
3059999	25296.6
3062499	25327.9
3064999	25359.1
3067499	25390.4
3069999	25421.6
3072499	25452.9
3074999	25484.1
3077499	25515.4
3079999	25546.6
3082499	25577.9
3084999	25609.1
3087499	25640.4
3089999	25671.6
3092499	25702.9
3094999	25734.1
3097499	25765.4
3099999	25796.6
3102499	25827.9
3104999	25859.1
3107499	25890.4
3109999	25921.6
3112499	25952.9
3114999	25984.1
3117499	26015.4
3119999	26046.6
3122499	26077.9
3124999	26109.1
3127499	26140.4
3129999	26171.6
3132499	26202.9
3134999	26234.1
3137499	26265.4
3139999	26296.6
3142499	26327.9
3144999	26359.1
3147499	26390.4
3149999	26421.6
3152499	26452.9
3154999	26484.1
3157499	26515.4
3159999	26546.6
3162499	26577.9
3164999	26609.1
3167499	26640.4
3169999	26671.6
3172499	26702.9
3174999	26734.1
3177499	26765.4
3179999	26796.6
3182499	26827.9
3184999	26859.1
3187499	26890.4
3189999	26921.6
3192499	26952.9
3194999	26984.1
3197499	27015.4
3199999	27046.6
3202499	27077.9
3204999	27109.1
3207499	27140.4
3209999	27171.6
3212499	27202.9
3214999	27234.1
3217499	27265.4
3219999	27296.6
3222499	27327.9
3224999	27359.1
3227499	27390.4
3229999	27421.6
3232499	27452.9
3234999	27484.1
3237499	27515.4
3239999	27546.6
3242499	27577.9
3244999	27609.1
3247499	27640.4
3249999	27671.6
3252499	27702.9
3254999	27734.1
3257499	27765.4
3259999	27796.6
3262499	27827.9
3264999	27859.1
3267499	27890.4
3269999	27921.6
3272499	27952.9
3274999	27984.1
3277499	28015.4
3279999	28046.6
3282499	28077.9
3284999	28109.1
3287499	28140.4
3289999	28171.6
3292499	28202.9
3294999	28234.1
3297499	28265.4
3299999	28296.6
3302499	28327.9
3304999	28359.1
3307499	28390.4
3309999	28421.6
3312499	28452.9
3314999	28484.1
3317499	28515.4
3319999	28546.6
3322499	28577.9
3324999	28609.1
3327499	28640.4
3329999	28671.6
3332499	28702.9
3334999	28734.1
3337499	28765.4
3339999	28796.6
3342499	28827.9
3344999	28859.1
3347499	28890.4
3349999	28921.6
3352499	28952.9
3354999	28984.1
3357499	29015.4
3359999	29046.6
3362499	29077.9
3364999	29109.1
3367499	29140.4
3369999	29171.6
3372499	29202.9
3374999	29234.1
3377499	29265.4
3379999	29296.6
3382499	29327.9
3384999	29359.1
3387499	29390.4
3389999	29421.6
3392499	29452.9
3394999	29484.1
3397499	29477.4
3399999	29352.4
3402499	29227.4
3404999	29102.4
3407499	28977.4
3409999	28852.4
3412499	28727.4
3414999	28602.4
3417499	28477.4
3419999	28352.4
3422499	28227.4
3424999	28102.4
3427499	27977.4
3429999	27852.4
3432499	27727.4
3434999	27602.4
3437499	27477.4
3439999	27352.4
3442499	27227.4
3444999	27102.4
3447499	26977.4
3449999	26852.4
3452499	26727.4
3454999	26602.4
3457499	26477.4
3459999	26352.4
3462499	26227.4
3464999	26102.4
3467499	25977.4
3469999	25852.4
3472499	25727.4
3474999	25602.4
3477499	25477.4
3479999	25352.4
3482499	25227.4
3484999	25102.4
3487499	24977.4
3489999	24852.4
3492499	24727.4
3494999	24602.4
3497499	24477.5
3499999	24352.5
3502499	24227.5
3504999	24102.5
3507499	23977.5
3509999	23852.5
3512499	23727.5
3514999	23602.5
3517499	23477.5
3519999	23352.5
3522499	23227.5
3524999	23102.5
3527499	22977.5
3529999	22852.5
3532499	22727.5
3534999	22602.5
3537499	22477.5
3539999	22352.5
3542499	22227.5
3544999	22102.5
3547499	21977.5
3549999	21852.5
3552499	21727.5
3554999	21602.5
3557499	21477.5
3559999	21352.5
3562499	21227.5
3564999	21102.5
3567499	20977.5
3569999	20852.5
3572499	20727.5
3574999	20602.5
3577499	20477.5
3579999	20352.5
3582499	20227.5
3584999	20102.5
3587499	19977.5
3589999	19852.5
3592499	19727.5
3594999	19602.5
3597499	19477.5
3599999	19352.5
3602499	19227.5
3604999	19102.5
3607499	18977.5
3609999	18852.5
3612499	18727.5
3614999	18602.5
3617499	18477.5
3619999	18352.5
3622499	18227.5
3624999	18102.5
3627499	17977.5
3629999	17852.5
3632499	17727.5
3634999	17602.5
3637499	17477.5
3639999	17352.5
3642499	17227.5
3644999	17102.5
3647499	16977.5
3649999	16852.5
3652499	16727.5
3654999	16602.5
3657499	16477.5
3659999	16352.5
3662499	16227.5
3664999	16102.5
3667499	15977.5
3669999	15852.5
3672499	15727.5
3674999	15602.5
3677499	15477.5
3679999	15352.5
3682499	15227.5
3684999	15102.5
3687499	14977.5
3689999	14852.5
3692499	14727.5
3694999	14602.5
3697499	14477.5
3699999	14352.5
3702499	14227.5
3704999	14102.5
3707499	13977.5
3709999	13852.5
3712499	13727.5
3714999	13602.5
3717499	13477.5
3719999	13352.5
3722499	13227.5
3724999	13102.5
3727499	12977.5
3729999	12852.5
3732499	12727.5
3734999	12602.5
3737499	12477.5
3739999	12352.5
3742499	12227.5
3744999	12102.5
3747499	11977.5
3749999	11852.5
3752499	11727.5
3754999	11602.5
3757499	11477.5
3759999	11352.5
3762499	11227.5
3764999	11102.5
3767499	10977.5
3769999	10852.5
3772499	10727.5
3774999	10602.5
3777499	10477.5
3779999	10352.5
3782499	10227.5
3784999	10102.5
3787499	9977.5
3789999	9852.5
3792499	9727.5
3794999	9602.5
3797499	9477.5
3799999	9352.5
3802499	9227.5
3804999	9102.5
3807499	8977.5
3809999	8852.5
3812499	8727.5
3814999	8602.5
3817499	8477.5
3819999	8352.5
3822499	8227.5
3824999	8102.5
3827499	7977.5
3829999	7852.5
3832499	7727.5
3834999	7602.5
3837499	7477.5
3839999	7352.5
3842499	7227.5
3844999	7102.5
3847499	6977.5
3849999	6852.5
3852499	6727.5
3854999	6602.5
3857499	6477.5
3859999	6352.5
3862499	6227.5
3864999	6102.5
3867499	5977.5
3869999	5852.5
3872499	5727.5
3874999	5602.5
3877499	5477.5
3879999	5352.5
3882499	5227.5
3884999	5102.5
3887499	4977.5
3889999	4852.5
3892499	4727.5
3894999	4602.5
3897499	4477.5
3899999	4352.5
3902499	4227.5
3904999	4102.5
3907499	3977.5
3909999	3852.5
3912499	3727.5
3914999	3602.5
3917499	3477.5
3919999	3352.5
3922499	3227.5
3924999	3102.5
3927499	2977.5
3929999	2852.5
3932499	2727.5
3934999	2602.5
3937499	2477.5
3939999	2352.5
3942499	2227.5
3944999	2102.5
3947499	1977.5
3949999	1852.5
3952499	1727.5
3954999	1602.5
3957499	1477.5
3959999	1352.5
3962499	1227.5
3964999	1102.5
3967499	977.5
3969999	852.5
3972499	727.5
3974999	602.5
3977499	477.5
3979999	352.5
3982499	227.5
3984999	102.5
3987499	22.5
3989999	147.5
3992499	272.5
3994999	397.5
3997499	522.5
3999999	647.5
4002499	772.5
4004999	897.5
4007499	1022.5
4009999	1147.5
4012499	1272.5
4014999	1397.5
4017499	1522.5
4019999	1647.5
4022499	1772.5
4024999	1897.5
4027499	2022.5
4029999	2147.5
4032499	2272.5
4034999	2397.5
4037499	2522.5
4039999	2647.5
4042499	2772.5
4044999	2897.5
4047499	3022.5
4049999	3147.5
4052499	3272.5
4054999	3397.5
4057499	3522.5
4059999	3647.5
4062499	3772.5
4064999	3897.5
4067499	4022.5
4069999	4147.5
4072499	4272.5
4074999	4397.5
4077499	4522.5
4079999	4647.5
4082499	4772.5
4084999	4897.5
4087499	5022.5
4089999	5147.5
4092499	5272.5
4094999	5397.5
4097499	5522.5
4099999	5647.5
4102499	5772.5
4104999	5897.5
4107499	6022.5
4109999	6147.5
4112499	6272.5
4114999	6397.5
4117499	6522.5
4119999	6647.5
4122499	6772.5
4124999	6897.5
4127499	7022.5
4129999	7147.5
4132499	7272.5
4134999	7397.5
4137499	7522.5
4139999	7647.5
4142499	7772.5
4144999	7897.5
4147499	8022.5
4149999	8147.5
4152499	8272.5
4154999	8397.5
4157499	8522.5
4159999	8647.5
4162499	8772.5
4164999	8897.5
4167499	9022.5
4169999	9147.5
4172499	9272.5
4174999	9397.5
4177499	9522.5
4179999	9647.5
4182499	9772.5
4184999	9897.5
4187499	10022.5
4189999	10147.5
4192499	10272.5
4194999	10397.5
4197499	10522.5
4199999	10647.5
4202499	10772.5
4204999	10897.5
4207499	11022.5
4209999	11147.5
4212499	11272.5
4214999	11397.5
4217499	11522.5
4219999	11647.5
4222499	11772.5
4224999	11897.5
4227499	12022.5
4229999	12147.5
4232499	12272.5
4234999	12397.5
4237499	12522.5
4239999	12647.5
4242499	12772.5
4244999	12897.5
4247499	13022.5
4249999	13147.5
4252499	13272.5
4254999	13397.5
4257499	13522.5
4259999	13647.5
4262499	13772.5
4264999	13897.5
4267499	14022.5
4269999	14147.5
4272499	14272.5
4274999	14397.5
4277499	14522.5
4279999	14647.5
4282499	14772.5
4284999	14897.5
4287499	15022.5
4289999	15147.5
4292499	15272.5
4294999	15397.5
4297499	15522.5
4299999	15647.5
4302499	15772.5
4304999	15897.5
4307499	16022.5
4309999	16147.5
4312499	16272.5
4314999	16397.5
4317499	16522.5
4319999	16647.5
4322499	16772.5
4324999	16897.5
4327499	17022.5
4329999	17147.5
4332499	17272.5
4334999	17397.5
4337499	17522.5
4339999	17647.5
4342499	17772.5
4344999	17897.5
4347499	18022.5
4349999	18147.5
4352499	18272.5
4354999	18397.5
4357499	18522.5
4359999	18647.5
4362499	18772.5
4364999	18897.5
4367499	19022.5
4369999	19147.5
4372499	19272.5
4374999	19397.5
4377499	19522.5
4379999	19647.5
4382499	19772.5
4384999	19897.5
4387499	20022.5
4389999	20147.5
4392499	20272.5
4394999	20397.5
4397499	20522.5
4399999	20647.5
4402499	20772.5
4404999	20897.5
4407499	21022.5
4409999	21147.5
4412499	21272.5
4414999	21397.5
4417499	21522.5
4419999	21647.5
4422499	21772.5
4424999	21897.5
4427499	22022.5
4429999	22147.5
4432499	22272.5
4434999	22397.5
4437499	22522.5
4439999	22647.5
4442499	22772.5
4444999	22897.5
4447499	23022.5
4449999	23147.5
4452499	23272.5
4454999	23397.5
4457499	23522.5
4459999	23647.5
4462499	23772.5
4464999	23897.5
4467499	24022.5
4469999	24147.5
4472499	24272.5
4474999	24397.5
4477499	24522.5
4479999	24647.5
4482499	24772.5
4484999	24897.5
4487499	25022.5
4489999	25147.5
4492499	25272.5
4494999	25397.5
4497499	25522.5
4499999	25647.5
4502499	25772.5
4504999	25897.5
4507499	26022.5
4509999	26147.5
4512499	26272.5
4514999	26397.5
4517499	26522.5
4519999	26647.5
4522499	26772.5
4524999	26897.5
4527499	27022.5
4529999	27147.5
4532499	27272.5
4534999	27397.5
4537499	27522.5
4539999	27647.5
4542499	27772.5
4544999	27897.5
4547499	28022.5
4549999	28147.5
4552499	28272.5
4554999	28397.5
4557499	28522.5
4559999	28647.5
4562499	28772.5
4564999	28897.5
4567499	29022.5
4569999	29147.5
4572499	29272.5
4574999	29397.5
4577499	29522.5
4579999	29647.5
4582499	29772.5
4584999	29897.5
4587499	30022.5
4589999	30147.5
4592499	30272.5
4594999	30397.5
4597499	30522.5
4599999	30647.5
4602499	30772.5
4604999	30897.5
4607499	31022.5
4609999	31147.5
4612499	31272.5
4614999	31397.5
4617499	31522.5
4619999	31647.5
4622499	31772.5
4624999	31897.5
4627499	32022.5
4629999	32147.5
4632499	32272.5
4634999	32397.5
4637499	32522.5
4639999	32647.5
4642499	32772.5
4644999	32897.5
4647499	33022.5
4649999	33147.5
4652499	33272.5
4654999	33397.5
4657499	33522.5
4659999	33647.5
4662499	33772.5
4664999	33897.5
4667499	34022.5
4669999	34147.5
4672499	34272.5
4674999	34397.5
4677499	34522.5
4679999	34647.5
4682499	34772.5
4684999	34897.5
4687499	35022.5
4689999	35147.5
4692499	35272.5
4694999	35397.5
4697499	35522.5
4699999	35647.5
4702499	35772.5
4704999	35897.5
4707499	36022.5
4709999	36147.5
4712499	36272.5
4714999	36397.5
4717499	36522.5
4719999	36647.5
4722499	36772.5
4724999	36897.5
4727499	37022.5
4729999	37147.5
4732499	37272.5
4734999	37397.5
4737499	37522.5
4739999	37647.5
4742499	37772.5
4744999	37897.5
4747499	38022.5
4749999	38147.5
4752499	38272.5
4754999	38397.5
4757499	38522.5
4759999	38647.5
4762499	38772.5
4764999	38897.5
4767499	39022.5
4769999	39147.5
4772499	39272.5
4774999	39397.5
4777499	39522.5
4779999	39647.5
4782499	39772.5
4784999	39897.5
4787499	40022.5
4789999	40147.5
4792499	40272.5
4794999	40397.5
4797499	40522.5
4799999	40647.5
4802499	40772.5
4804999	40897.5
4807499	41022.5
4809999	41147.5
4812499	41272.5
4814999	41397.5
4817499	41522.5
4819999	41647.5
4822499	41772.5
4824999	41897.5
4827499	42022.5
4829999	42147.5
4832499	42272.5
4834999	42397.5
4837499	42522.5
4839999	42647.5
4842499	42772.5
4844999	42897.5
4847499	43022.5
4849999	43147.5
4852499	43272.5
4854999	43397.5
4857499	43522.5
4859999	43647.5
4862499	43772.5
4864999	43897.5
4867499	44022.5
4869999	44147.5
4872499	44272.5
4874999	44397.5
4877499	44522.5
4879999	44647.5
4882499	44772.5
4884999	44897.5
4887499	45022.5
4889999	45147.5
4892499	45272.5
4894999	45397.5
4897499	45522.5
4899999	45647.5
4902499	45772.5
4904999	45897.5
4907499	46022.5
4909999	46147.5
4912499	46272.5
4914999	46397.5
4917499	46522.5
4919999	46647.5
4922499	46772.5
4924999	46897.5
4927499	47022.5
4929999	47147.5
4932499	47272.5
4934999	47397.5
4937499	47522.5
4939999	47647.5
4942499	47772.5
4944999	47897.5
4947499	48022.5
4949999	48147.5
4952499	48272.5
4954999	48397.5
4957499	48522.5
4959999	48647.5
4962499	48772.5
4964999	48897.5
4967499	49022.5
4969999	49147.5
4972499	49272.5
4974999	49397.5
4977499	49522.5
4979999	49647.5
4982499	49772.5
4984999	49897.5
4987499	50022.5
4989999	50147.5
4992499	50272.5
4994999	50397.5
4997499	50522.5
4999999	50647.5
5002499	50772.5
5004999	50897.5
5007499	51022.5
5009999	51147.5
5012499	51272.5
5014999	51397.5
5017499	51522.5
5019999	51647.5
5022499	51772.5
5024999	51897.5
5027499	52022.5
5029999	52147.5
5032499	52272.5
5034999	52397.5
5037499	52522.5
5039999	52647.5
5042499	52772.5
5044999	52897.5
5047499	53022.5
5049999	53147.5
5052499	53272.5
5054999	53397.5
5057499	53522.5
5059999	53647.5
5062499	53772.5
5064999	53897.5
5067499	54022.5
5069999	54147.5
5072499	54272.5
5074999	54397.5
5077499	54522.5
5079999	54647.5
5082499	54772.5
5084999	54897.5
5087499	55022.5
5089999	55147.5
5092499	55272.5
5094999	55397.5
5097499	55522.5
5099999	55647.5
5102499	55772.5
5104999	55897.5
5107499	56022.5
5109999	56147.5
5112499	56272.5
5114999	56397.5
5117499	56522.5
5119999	56647.5
5122499	56772.5
5124999	56897.5
5127499	57022.5
5129999	57147.5
5132499	57272.5
5134999	57397.5
5137499	57522.5
5139999	57647.5
5142499	57772.5
5144999	57897.5
5147499	58022.5
5149999	58147.5
5152499	58272.5
5154999	58397.5
5157499	58522.5
5159999	58647.5
5162499	58772.5
5164999	58897.5
5167499	59022.5
5169999	59147.5
5172499	59272.5
5174999	59397.5
5177499	59522.5
5179999	59647.5
5182499	59772.5
5184999	59897.5
5187499	60022.5
5189999	60147.5
5192499	60272.5
5194999	60397.5
5197499	60522.5
5199999	60647.5
5202499	60772.5
5204999	60897.5
5207499	61022.5
5209999	61147.5
5212499	61272.5
5214999	61397.5
5217499	61522.5
5219999	61647.5
5222499	61772.5
5224999	61897.5
5227499	62022.5
5229999	62147.5
5232499	62272.5
5234999	62397.5
5237499	62522.5
5239999	62647.5
5242499	62772.5
5244999	62897.6
5247499	63022.6
5249999	63147.6
5252499	63272.6
5254999	63397.6
5257499	63522.6
5259999	63647.6
5262499	63772.6
5264999	63897.6
5267499	64022.6
5269999	64147.6
5272499	64272.6
5274999	64397.6
5277499	64522.6
5279999	64647.6
5282499	64772.6
5284999	64897.6
5287499	65022.6
5289999	65147.6
5292499	65272.6
5294999	65397.6
5297499	65522.6
5299999	65647.6
5302499	65772.6
5304999	65897.6
5307499	66022.6
5309999	66147.6
5312499	66272.6
5314999	66397.6
5317499	66522.6
5319999	66647.6
5322499	66772.6
5324999	66897.6
5327499	67022.6
5329999	67147.6
5332499	67272.6
5334999	67397.6
5337499	67522.6
5339999	67647.6
5342499	67772.6
5344999	67897.6
5347499	68022.6
5349999	68147.6
5352499	68272.6
5354999	68397.6
5357499	68522.6
5359999	68647.6
5362499	68772.6
5364999	68897.6
5367499	69022.6
5369999	69147.6
5372499	69272.6
5374999	69397.6
5377499	69522.6
5379999	69647.6
5382499	69772.6
5384999	69897.6
5387499	70022.6
5389999	70147.6
5392499	70272.6
5394999	70397.6
5397499	70522.6
5399999	70647.6
5402499	70772.6
5404999	70897.6
5407499	71022.6
5409999	71147.6
5412499	71272.6
5414999	71397.6
5417499	71522.6
5419999	71647.6
5422499	71772.6
5424999	71897.6
5427499	72022.6
5429999	72147.6
5432499	72272.6
5434999	72397.6
5437499	72522.6
5439999	72647.6
5442499	72772.6
5444999	72897.6
5447499	73022.6
5449999	73147.6
5452499	73272.6
5454999	73397.6
5457499	73522.6
5459999	73647.6
5462499	73772.6
5464999	73897.6
5467499	74022.6
5469999	74147.6
5472499	74272.6
5474999	74397.6
5477499	74522.6
5479999	74647.6
5482499	74772.6
5484999	74897.6
5487499	75022.6
5489999	75147.6
5492499	75272.6
5494999	75397.6
5497499	75522.6
5499999	75647.6
5502499	75772.6
5504999	75897.6
5507499	76022.6
5509999	76147.6
5512499	76272.6
5514999	76397.6
5517499	76522.6
5519999	76647.6
5522499	76772.6
5524999	76897.6
5527499	77022.6
5529999	77147.6
5532499	77272.6
5534999	77397.6
5537499	77522.6
5539999	77647.6
5542499	77772.6
5544999	77897.6
5547499	78022.6
5549999	78147.6
5552499	78272.6
5554999	78397.6
5557499	78522.6
5559999	78647.6
5562499	78772.6
5564999	78897.6
5567499	79022.6
5569999	79147.6
5572499	79272.6
5574999	79397.6
5577499	79522.6
5579999	79647.6
5582499	79772.6
5584999	79897.6
5587499	80022.6
5589999	80147.6
5592499	80272.6
5594999	80397.6
5597499	80522.6
5599999	80647.6
5602499	80772.6
5604999	80897.6
5607499	81022.6
5609999	81147.6
5612499	81272.6
5614999	81397.6
5617499	81522.6
5619999	81647.6
5622499	81772.6
5624999	81897.6
5627499	82022.6
5629999	82147.6
5632499	82272.6
5634999	82397.6
5637499	82522.6
5639999	82647.6
5642499	82772.6
5644999	82897.6
5647499	83022.6
5649999	83147.6
5652499	83272.6
5654999	83397.6
5657499	83522.6
5659999	83647.6
5662499	83772.6
5664999	83897.6
5667499	84022.6
5669999	84147.6
5672499	84272.6
5674999	84397.6
5677499	84522.6
5679999	84647.6
5682499	84772.6
5684999	84897.6
5687499	85022.6
5689999	85147.6
5692499	85272.6
5694999	85397.6
5697499	85522.6
5699999	85647.6
5702499	85772.6
5704999	85897.6
5707499	86022.6
5709999	86147.6
5712499	86272.6
5714999	86397.6
5717499	86522.6
5719999	86647.6
5722499	86772.6
5724999	86897.6
5727499	87022.6
5729999	87147.6
5732499	87272.6
5734999	87397.6
5737499	87522.6
5739999	87647.6
5742499	87772.6
5744999	87897.6
5747499	88022.6
5749999	88147.6
5752499	88272.6
5754999	88397.6
5757499	88522.6
5759999	88647.6
5762499	88772.6
5764999	88897.6
5767499	89022.6
5769999	89147.6
5772499	89272.6
5774999	89397.6
5777499	89522.6
5779999	89647.6
5782499	89772.6
5784999	89897.6
5787499	90022.6
5789999	90147.6
5792499	90272.6
5794999	90397.6
5797499	90522.6
5799999	90647.6
5802499	90772.6
5804999	90897.6
5807499	91022.6
5809999	91147.6
5812499	91272.6
5814999	91397.6
5817499	91522.6
5819999	91647.6
5822499	91772.6
5824999	91897.6
5827499	92022.6
5829999	92147.6
5832499	92272.6
5834999	92397.6
5837499	92522.6
5839999	92647.6
5842499	92772.6
5844999	92897.6
5847499	93022.6
5849999	93147.6
5852499	93272.6
5854999	93397.6
5857499	93522.6
5859999	93647.6
5862499	93772.6
5864999	93897.6
5867499	94022.6
5869999	94147.6
5872499	94272.6
5874999	94397.6
5877499	94522.6
5879999	94647.6
5882499	94772.6
5884999	94897.6
5887499	95022.6
5889999	95147.6
5892499	95272.6
5894999	95397.6
5897499	95522.6
5899999	95647.6
5902499	95772.6
5904999	95897.6
5907499	96022.6
5909999	96147.6
5912499	96272.6
5914999	96397.6
5917499	96522.6
5919999	96647.6
5922499	96772.6
5924999	96897.6
5927499	97022.6
5929999	97147.6
5932499	97272.6
5934999	97397.6
5937499	97522.6
5939999	97647.6
5942499	97772.6
5944999	97897.6
5947499	98022.6
5949999	98147.6
5952499	98272.6
5954999	98397.6
5957499	98522.6
5959999	98647.6
5962499	98772.6
5964999	98897.6
5967499	99022.6
5969999	99147.6
5972499	99272.6
5974999	99397.6
5977499	99522.6
5979999	99647.6
5982499	99772.6
5984999	99897.6
5987499	100023
5989999	100148
5992499	100273
5994999	100398
5997499	100523
5999999	100648
6002499	100773
6004999	100898
6007499	101023
6009999	101148
6012499	101273
6014999	101398
6017499	101523
6019999	101648
6022499	101773
6024999	101898
6027499	102023
6029999	102148
6032499	102273
6034999	102398
6037499	102523
6039999	102648
6042499	102773
6044999	102898
6047499	103023
6049999	103148
6052499	103273
6054999	103398
6057499	103523
6059999	103648
6062499	103773
6064999	103898
6067499	104023
6069999	104148
6072499	104273
6074999	104398
6077499	104523
6079999	104648
6082499	104773
6084999	104898
6087499	105023
6089999	105148
6092499	105273
6094999	105398
6097499	105523
6099999	105648
6102499	105773
6104999	105898
6107499	106023
6109999	106148
6112499	106273
6114999	106398
6117499	106523
6119999	106648
6122499	106773
6124999	106898
6127499	107023
6129999	107148
6132499	107273
6134999	107398
6137499	107523
6139999	107648
6142499	107773
6144999	107898
6147499	108023
6149999	108148
6152499	108273
6154999	108398
6157499	108523
6159999	108648
6162499	108773
6164999	108898
6167499	109023
6169999	109148
6172499	109273
6174999	109398
6177499	109523
6179999	109648
6182499	109773
6184999	109898
6187499	110023
6189999	110148
6192499	110273
6194999	110398
6197499	110523
6199999	110648
6202499	110773
6204999	110898
6207499	111023
6209999	111148
6212499	111273
6214999	111398
6217499	111523
6219999	111648
6222499	111773
6224999	111898
6227499	112023
6229999	112148
6232499	112273
6234999	112398
6237499	112523
6239999	112648
6242499	112773
6244999	112898
6247499	113023
6249999	113148
6252499	113273
6254999	113398
6257499	113523
6259999	113648
6262499	113773
6264999	113898
6267499	114023
6269999	114148
6272499	114273
6274999	114398
6277499	114523
6279999	114648
6282499	114773
6284999	114898
6287499	115023
6289999	115148
6292499	115273
6294999	115398
6297499	115523
6299999	115648
6302499	115773
6304999	115898
6307499	116023
6309999	116148
6312499	116273
6314999	116398
6317499	116523
6319999	116648
6322499	116773
6324999	116898
6327499	117023
6329999	117148
6332499	117273
6334999	117398
6337499	117523
6339999	117648
6342499	117773
6344999	117898
6347499	118023
6349999	118148
6352499	118273
6354999	118398
6357499	118523
6359999	118648
6362499	118773
6364999	118898
6367499	119023
6369999	119148
6372499	119273
6374999	119398
6377499	119523
6379999	119648
6382499	119773
6384999	119898
6387499	120023
6389999	120148
6392499	120273
6394999	120398
6397499	120523
6399999	120648
6402499	120773
6404999	120898
6407499	121023
6409999	121148
6412499	121273
6414999	121398
6417499	121523
6419999	121648
6422499	121773
6424999	121898
6427499	122023
6429999	122148
6432499	122273
6434999	122398
6437499	122523
6439999	122648
6442499	122773
6444999	122898
6447499	123023
6449999	123148
6452499	123273
6454999	123398
6457499	123523
6459999	123648
6462499	123773
6464999	123898
6467499	124023
6469999	124148
6472499	124273
6474999	124398
6477499	124523
6479999	124648
6482499	124773
6484999	124898
6487499	125023
6489999	125148
6492499	125273
6494999	125398
6497499	125523
6499999	125648
6502499	125773
6504999	125898
6507499	126023
6509999	126148
6512499	126273
6514999	126398
6517499	126523
6519999	126648
6522499	126773
6524999	126898
6527499	127023
6529999	127148
6532499	127273
6534999	127398
6537499	127523
6539999	127648
6542499	127773
6544999	127898
6547499	128023
6549999	128148
6552499	128273
6554999	128398
6557499	128523
6559999	128648
6562499	128773
6564999	128898
6567499	129023
6569999	129148
6572499	129273
6574999	129398
6577499	129523
6579999	129648
6582499	129773
6584999	129898
6587499	130023
6589999	130148
6592499	130273
6594999	130398
6597499	130523
6599999	130648
6602499	130773
6604999	130898
6607499	131023
6609999	131148
6612499	131273
6614999	131398
6617499	131523
6619999	131648
6622499	131773
6624999	131898
6627499	132023
6629999	132148
6632499	132273
6634999	132398
6637499	132523
6639999	132648
6642499	132773
6644999	132898
6647499	133023
6649999	133148
6652499	133273
6654999	133398
6657499	133523
6659999	133648
6662499	133773
6664999	133898
6667499	134023
6669999	134148
6672499	134273
6674999	134398
6677499	134523
6679999	134648
6682499	134773
6684999	134898
6687499	135023
6689999	135148
6692499	135273
6694999	135398
6697499	135523
6699999	135648
6702499	135773
6704999	135898
6707499	136023
6709999	136148
6712499	136273
6714999	136398
6717499	136523
6719999	136648
6722499	136773
6724999	136898
6727499	137023
6729999	137148
6732499	137273
6734999	137398
6737499	137523
6739999	137648
6742499	137773
6744999	137898
6747499	138023
6749999	138148
6752499	138273
6754999	138398
6757499	138523
6759999	138648
6762499	138773
6764999	138898
6767499	139023
6769999	139148
6772499	139273
6774999	139398
6777499	139523
6779999	139648
6782499	139773
6784999	139898
6787499	140023
6789999	140148
6792499	140273
6794999	140398
6797499	140523
6799999	140648
6802499	140773
6804999	140898
6807499	141023
6809999	141148
6812499	141273
6814999	141398
6817499	141523
6819999	141648
6822499	141773
6824999	141898
6827499	142023
6829999	142148
6832499	142273
6834999	142398
6837499	142523
6839999	142648
6842499	142773
6844999	142898
6847499	143023
6849999	143148
6852499	143273
6854999	143398
6857499	143523
6859999	143648
6862499	143773
6864999	143898
6867499	144023
6869999	144148
6872499	144273
6874999	144398
6877499	144523
6879999	144648
6882499	144773
6884999	144898
6887499	145023
6889999	145148
6892499	145273
6894999	145398
6897499	145523
6899999	145648
6902499	145773
6904999	145898
6907499	146023
6909999	146148
6912499	146273
6914999	146398
6917499	146523
6919999	146648
6922499	146773
6924999	146898
6927499	147023
6929999	147148
6932499	147273
6934999	147398
6937499	147523
6939999	147648
6942499	147773
6944999	147898
6947499	148023
6949999	148148
6952499	148273
6954999	148398
6957499	148523
6959999	148648
6962499	148773
6964999	148898
6967499	149023
6969999	149148
6972499	149273
6974999	149398
6977499	149523
6979999	149648
6982499	149773
6984999	149898
6987499	150023
6989999	150148
6992499	150272
6994999	150398
6997499	150522
6999999	150648
7002499	150772
7004999	150898
7007499	151022
7009999	151148
7012499	151272
7014999	151398
7017499	151522
7019999	151648
7022499	151772
7024999	151898
7027499	152022
7029999	152148
7032499	152272
7034999	152398
7037499	152522
7039999	152648
7042499	152772
7044999	152898
7047499	153022
7049999	153148
7052499	153272
7054999	153398
7057499	153522
7059999	153648
7062499	153772
7064999	153898
7067499	154022
7069999	154148
7072499	154272
7074999	154398
7077499	154522
7079999	154648
7082499	154772
7084999	154898
7087499	155022
7089999	155148
7092499	155272
7094999	155398
7097499	155522
7099999	155648
7102499	155772
7104999	155898
7107499	156022
7109999	156148
7112499	156272
7114999	156398
7117499	156522
7119999	156648
7122499	156772
7124999	156898
7127499	157022
7129999	157148
7132499	157272
7134999	157398
7137499	157522
7139999	157648
7142499	157772
7144999	157898
7147499	158022
7149999	158148
7152499	158272
7154999	158398
7157499	158522
7159999	158648
7162499	158772
7164999	158898
7167499	159022
7169999	159148
7172499	159272
7174999	159398
7177499	159522
7179999	159648
7182499	159772
7184999	159898
7187499	160022
7189999	160148
7192499	160272
7194999	160398
7197499	160522
7199999	160648
7202499	160772
7204999	160898
7207499	161022
7209999	161148
7212499	161272
7214999	161398
7217499	161522
7219999	161648
7222499	161772
7224999	161898
7227499	162022
7229999	162148
7232499	162272
7234999	162398
7237499	162522
7239999	162648
7242499	162772
7244999	162898
7247499	163022
7249999	163148
7252499	163272
7254999	163398
7257499	163522
7259999	163648
7262499	163772
7264999	163898
7267499	164022
7269999	164148
7272499	164272
7274999	164398
7277499	164522
7279999	164648
7282499	164772
7284999	164898
7287499	165022
7289999	165148
7292499	165272
7294999	165398
7297499	165522
7299999	165648
7302499	165772
7304999	165898
7307499	166022
7309999	166148
7312499	166272
7314999	166398
7317499	166522
7319999	166648
7322499	166772
7324999	166898
7327499	167022
7329999	167148
7332499	167272
7334999	167398
7337499	167522
7339999	167648
7342499	167772
7344999	167898
7347499	168022
7349999	168148
7352499	168272
7354999	168398
7357499	168522
7359999	168648
7362499	168772
7364999	168898
7367499	169022
7369999	169148
7372499	169272
7374999	169398
7377499	169522
7379999	169648
7382499	169772
7384999	169898
7387499	170022
7389999	170148
7392499	170272
7394999	170398
7397499	170522
7399999	170648
7402499	170772
7404999	170898
7407499	171022
7409999	171148
7412499	171272
7414999	171398
7417499	171522
7419999	171648
7422499	171772
7424999	171898
7427499	172022
7429999	172148
7432499	172272
7434999	172398
7437499	172522
7439999	172648
7442499	172772
7444999	172898
7447499	173022
7449999	173148
7452499	173272
7454999	173398
7457499	173522
7459999	173648
7462499	173772
7464999	173898
7467499	174022
7469999	174148
7472499	174272
7474999	174398
7477499	174522
7479999	174648
7482499	174772
7484999	174898
7487499	175022
7489999	175148
7492499	175272
7494999	175398
7497499	175522
7499999	175648
7502499	175772
7504999	175898
7507499	176022
7509999	176148
7512499	176272
7514999	176398
7517499	176522
7519999	176648
7522499	176772
7524999	176898
7527499	177022
7529999	177148
7532499	177272
7534999	177398
7537499	177522
7539999	177648
7542499	177772
7544999	177898
7547499	178022
7549999	178148
7552499	178272
7554999	178398
7557499	178522
7559999	178648
7562499	178772
7564999	178898
7567499	179022
7569999	179148
7572499	179272
7574999	179398
7577499	179522
7579999	179648
7582499	179772
7584999	179898
7587499	180022
7589999	180148
7592499	180272
7594999	180398
7597499	180522
7599999	180648
7602499	180772
7604999	180898
7607499	181022
7609999	181148
7612499	181272
7614999	181398
7617499	181522
7619999	181648
7622499	181772
7624999	181898
7627499	182022
7629999	182148
7632499	182272
7634999	182398
7637499	182522
7639999	182648
7642499	182772
7644999	182898
7647499	183022
7649999	183148
7652499	183272
7654999	183398
7657499	183522
7659999	183648
7662499	183772
7664999	183898
7667499	184022
7669999	184148
7672499	184272
7674999	184398
7677499	184522
7679999	184648
7682499	184772
7684999	184898
7687499	185022
7689999	185148
7692499	185272
7694999	185398
7697499	185522
7699999	185648
7702499	185772
7704999	185898
7707499	186022
7709999	186148
7712499	186272
7714999	186398
7717499	186522
7719999	186648
7722499	186772
7724999	186898
7727499	187022
7729999	187148
7732499	187272
7734999	187398
7737499	187522
7739999	187648
7742499	187772
7744999	187898
7747499	188022
7749999	188148
7752499	188272
7754999	188398
7757499	188522
7759999	188648
7762499	188772
7764999	188898
7767499	189022
7769999	189148
7772499	189272
7774999	189398
7777499	189522
7779999	189648
7782499	189772
7784999	189898
7787499	190022
7789999	190148
7792499	190272
7794999	190398
7797499	190522
7799999	190648
7802499	190772
7804999	190898
7807499	191022
7809999	191148
7812499	191272
7814999	191398
7817499	191522
7819999	191648
7822499	191772
7824999	191898
7827499	192022
7829999	192148
7832499	192272
7834999	192398
7837499	192522
7839999	192648
7842499	192772
7844999	192898
7847499	193022
7849999	193148
7852499	193272
7854999	193398
7857499	193522
7859999	193648
7862499	193772
7864999	193898
7867499	194022
7869999	194148
7872499	194272
7874999	194398
7877499	194522
7879999	194648
7882499	194772
7884999	194898
7887499	195022
7889999	195148
7892499	195272
7894999	195398
7897499	195522
7899999	195648
7902499	195772
7904999	195898
7907499	196022
7909999	196148
7912499	196272
7914999	196398
7917499	196522
7919999	196648
7922499	196772
7924999	196898
7927499	197022
7929999	197148
7932499	197272
7934999	197398
7937499	197522
7939999	197648
7942499	197772
7944999	197898
7947499	198022
7949999	198148
7952499	198272
7954999	198398
7957499	198522
7959999	198648
7962499	198772
7964999	198898
7967499	199022
7969999	199148
7972499	199272
7974999	199398
7977499	199522
7979999	199648
7982499	199772
7984999	199898
7987499	200022
7989999	200148
7992499	200272
7994999	200398
7997499	200522
7999999	200648
8002499	200772
8004999	200898
8007499	201022
8009999	201148
8012499	201272
8014999	201398
8017499	201522
8019999	201648
8022499	201772
8024999	201898
8027499	202022
8029999	202148
8032499	202272
8034999	202398
8037499	202522
8039999	202648
8042499	202772
8044999	202898
8047499	203022
8049999	203148
8052499	203272
8054999	203398
8057499	203522
8059999	203648
8062499	203772
8064999	203898
8067499	204022
8069999	204148
8072499	204272
8074999	204398
8077499	204522
8079999	204648
8082499	204772
8084999	204898
8087499	205022
8089999	205148
8092499	205272
8094999	205398
8097499	205522
8099999	205648
8102499	205772
8104999	205898
8107499	206022
8109999	206148
8112499	206272
8114999	206398
8117499	206522
8119999	206648
8122499	206772
8124999	206898
8127499	207022
8129999	207148
8132499	207272
8134999	207398
8137499	207522
8139999	207648
8142499	207772
8144999	207898
8147499	208022
8149999	208148
8152499	208272
8154999	208398
8157499	208522
8159999	208648
8162499	208772
8164999	208898
8167499	209022
8169999	209148
8172499	209272
8174999	209398
8177499	209522
8179999	209648
8182499	209772
8184999	209898
8187499	210022
8189999	210148
8192499	210272
8194999	210398
8197499	210522
8199999	210648
8202499	210772
8204999	210898
8207499	211022
8209999	211148
8212499	211272
8214999	211398
8217499	211522
8219999	211648
8222499	211772
8224999	211898
8227499	212022
8229999	212148
8232499	212272
8234999	212398
8237499	212522
8239999	212648
8242499	212772
8244999	212898
8247499	213022
8249999	213148
8252499	213272
8254999	213398
8257499	213522
8259999	213648
8262499	213772
8264999	213898
8267499	214022
8269999	214148
8272499	214272
8274999	214398
8277499	214522
8279999	214648
8282499	214772
8284999	214898
8287499	215022
8289999	215148
8292499	215272
8294999	215398
8297499	215522
8299999	215648
8302499	215772
8304999	215898
8307499	216022
8309999	216148
8312499	216272
8314999	216398
8317499	216522
8319999	216648
8322499	216772
8324999	216898
8327499	217022
8329999	217148
8332499	217272
8334999	217398
8337499	217522
8339999	217648
8342499	217772
8344999	217898
8347499	218022
8349999	218148
8352499	218272
8354999	218398
8357499	218522
8359999	218648
8362499	218772
8364999	218898
8367499	219022
8369999	219148
8372499	219272
8374999	219398
8377499	219522
8379999	219648
8382499	219772
8384999	219898
8387499	220022
8389999	220148
8392499	220272
8394999	220398
8397499	220522
8399999	220648
8402499	220772
8404999	220898
8407499	221022
8409999	221148
8412499	221272
8414999	221398
8417499	221522
8419999	221648
8422499	221772
8424999	221898
8427499	222022
8429999	222148
8432499	222272
8434999	222398
8437499	222522
8439999	222648
8442499	222772
8444999	222898
8447499	223022
8449999	223148
8452499	223272
8454999	223398
8457499	223522
8459999	223648
8462499	223772
8464999	223898
8467499	224022
8469999	224148
8472499	224272
8474999	224398
8477499	224522
8479999	224648
8482499	224772
8484999	224898
8487499	225022
8489999	225148
8492499	225272
8494999	225398
8497499	225522
8499999	225648
8502499	225772
8504999	225898
8507499	226022
8509999	226148
8512499	226272
8514999	226398
8517499	226522
8519999	226648
8522499	226772
8524999	226898
8527499	227022
8529999	227148
8532499	227272
8534999	227398
8537499	227522
8539999	227648
8542499	227772
8544999	227898
8547499	228022
8549999	228148
8552499	228272
8554999	228398
8557499	228522
8559999	228648
8562499	228772
8564999	228898
8567499	229022
8569999	229148
8572499	229272
8574999	229398
8577499	229522
8579999	229648
8582499	229772
8584999	229898
8587499	230022
8589999	230148
8592499	230272
8594999	230398
8597499	230522
8599999	230648
8602499	230772
8604999	230898
8607499	231022
8609999	231148
8612499	231272
8614999	231398
8617499	231522
8619999	231648
8622499	231772
8624999	231898
8627499	232022
8629999	232148
8632499	232272
8634999	232398
8637499	232522
8639999	232648
8642499	232772
8644999	232898
8647499	233022
8649999	233148
8652499	233272
8654999	233398
8657499	233522
8659999	233648
8662499	233772
8664999	233898
8667499	234022
8669999	234148
8672499	234272
8674999	234398
8677499	234522
8679999	234648
8682499	234772
8684999	234898
8687499	235022
8689999	235148
8692499	235272
8694999	235398
8697499	235522
8699999	235648
8702499	235772
8704999	235898
8707499	236022
8709999	236148
8712499	236272
8714999	236398
8717499	236522
8719999	236648
8722499	236772
8724999	236898
8727499	237022
8729999	237148
8732499	237272
8734999	237398
8737499	237522
8739999	237648
8742499	237772
8744999	237898
8747499	238022
8749999	238148
8752499	238272
8754999	238398
8757499	238522
8759999	238648
8762499	238772
8764999	238898
8767499	239022
8769999	239148
8772499	239272
8774999	239398
8777499	239522
8779999	239648
8782499	239772
8784999	239898
8787499	240022
8789999	240148
8792499	240272
8794999	240398
8797499	240522
8799999	240648
8802499	240772
8804999	240898
8807499	241022
8809999	241148
8812499	241272
8814999	241398
8817499	241522
8819999	241648
8822499	241772
8824999	241898
8827499	242022
8829999	242148
8832499	242272
8834999	242398
8837499	242522
8839999	242648
8842499	242772
8844999	242898
8847499	243022
8849999	243148
8852499	243272
8854999	243398
8857499	243522
8859999	243648
8862499	243772
8864999	243898
8867499	244022
8869999	244148
8872499	244272
8874999	244398
8877499	244522
8879999	244648
8882499	244772
8884999	244898
8887499	245022
8889999	245148
8892499	245272
8894999	245398
8897499	245522
8899999	245648
8902499	245772
8904999	245898
8907499	246022
8909999	246148
8912499	246272
8914999	246398
8917499	246522
8919999	246648
8922499	246772
8924999	246898
8927499	247022
8929999	247148
8932499	247272
8934999	247398
8937499	247522
8939999	247648
8942499	247772
8944999	247898
8947499	248022
8949999	248148
8952499	248272
8954999	248398
8957499	248522
8959999	248648
8962499	248772
8964999	248898
8967499	249022
8969999	249148
8972499	249272
8974999	249398
8977499	249522
8979999	249648
8982499	249772
8984999	249898
8987499	250022
8989999	250148
8992499	250272
8994999	250398
8997499	250522
8999999	250648
9002499	250772
9004999	250898
9007499	251022
9009999	251148
9012499	251272
9014999	251398
9017499	251522
9019999	251648
9022499	251772
9024999	251898
9027499	252022
9029999	252148
9032499	252272
9034999	252398
9037499	252522
9039999	252648
9042499	252772
9044999	252898
9047499	253022
9049999	253148
9052499	253272
9054999	253398
9057499	253522
9059999	253648
9062499	253772
9064999	253898
9067499	254022
9069999	254148
9072499	254272
9074999	254398
9077499	254522
9079999	254648
9082499	254772
9084999	254898
9087499	255022
9089999	255148
9092499	255272
9094999	255398
9097499	255522
9099999	255648
9102499	255772
9104999	255898
9107499	256022
9109999	256148
9112499	256272
9114999	256398
9117499	256522
9119999	256648
9122499	256772
9124999	256898
9127499	257022
9129999	257148
9132499	257272
9134999	257398
9137499	257522
9139999	257648
9142499	257772
9144999	257898
9147499	258022
9149999	258148
9152499	258272
9154999	258398
9157499	258522
9159999	258648
9162499	258772
9164999	258898
9167499	259022
9169999	259148
9172499	259272
9174999	259398
9177499	259522
9179999	259648
9182499	259772
9184999	259898
9187499	260022
9189999	260148
9192499	260272
9194999	260398
9197499	260522
9199999	260648
9202499	260772
9204999	260898
9207499	261022
9209999	261148
9212499	261272
9214999	261398
9217499	261522
9219999	261648
9222499	261772
9224999	261898
9227499	262022
9229999	262148
9232499	262272
9234999	262398
9237499	262522
9239999	262648
9242499	262772
9244999	262898
9247499	263022
9249999	263148
9252499	263272
9254999	263398
9257499	263522
9259999	263648
9262499	263772
9264999	263898
9267499	264022
9269999	264148
9272499	264272
9274999	264398
9277499	264522
9279999	264648
9282499	264772
9284999	264898
9287499	265022
9289999	265148
9292499	265272
9294999	265398
9297499	265522
9299999	265648
9302499	265772
9304999	265898
9307499	266022
9309999	266148
9312499	266272
9314999	266398
9317499	266522
9319999	266648
9322499	266772
9324999	266898
9327499	267022
9329999	267148
9332499	267272
9334999	267398
9337499	267522
9339999	267648
9342499	267772
9344999	267898
9347499	268022
9349999	268148
9352499	268272
9354999	268398
9357499	268522
9359999	268648
9362499	268772
9364999	268898
9367499	269022
9369999	269148
9372499	269272
9374999	269398
9377499	269522
9379999	269648
9382499	269772
9384999	269898
9387499	270022
9389999	270148
9392499	270272
9394999	270398
9397499	270522
9399999	270648
9402499	270772
9404999	270898
9407499	271022
9409999	271148
9412499	271272
9414999	271398
9417499	271522
9419999	271648
9422499	271772
9424999	271898
9427499	272022
9429999	272148
9432499	272272
9434999	272398
9437499	272522
9439999	272648
9442499	272772
9444999	272898
9447499	273022
9449999	273148
9452499	273272
9454999	273398
9457499	273522
9459999	273648
9462499	273772
9464999	273898
9467499	274022
9469999	274148
9472499	274272
9474999	274398
9477499	274522
9479999	274648
9482499	274772
9484999	274898
9487499	275022
9489999	275148
9492499	275272
9494999	275398
9497499	275522
9499999	275648
9502499	275772
9504999	275898
9507499	276022
9509999	276148
9512499	276272
9514999	276398
9517499	276522
9519999	276648
9522499	276772
9524999	276898
9527499	277022
9529999	277148
9532499	277272
9534999	277398
9537499	277522
9539999	277648
9542499	277772
9544999	277898
9547499	278022
9549999	278148
9552499	278272
9554999	278398
9557499	278522
9559999	278648
9562499	278772
9564999	278898
9567499	279022
9569999	279148
9572499	279272
9574999	279398
9577499	279522
9579999	279648
9582499	279772
9584999	279898
9587499	280022
9589999	280148
9592499	280272
9594999	280398
9597499	280522
9599999	280648
9602499	280772
9604999	280898
9607499	281022
9609999	281148
9612499	281272
9614999	281398
9617499	281522
9619999	281648
9622499	281772
9624999	281898
9627499	282022
9629999	282148
9632499	282272
9634999	282398
9637499	282522
9639999	282648
9642499	282772
9644999	282898
9647499	283022
9649999	283148
9652499	283272
9654999	283398
9657499	283522
9659999	283648
9662499	283772
9664999	283898
9667499	284022
9669999	284148
9672499	284272
9674999	284398
9677499	284522
9679999	284648
9682499	284772
9684999	284898
9687499	285022
9689999	285148
9692499	285272
9694999	285398
9697499	285522
9699999	285648
9702499	285772
9704999	285898
9707499	286022
9709999	286148
9712499	286272
9714999	286398
9717499	286522
9719999	286648
9722499	286772
9724999	286898
9727499	287022
9729999	287148
9732499	287272
9734999	287398
9737499	287522
9739999	287648
9742499	287772
9744999	287898
9747499	288022
9749999	288148
9752499	288272
9754999	288398
9757499	288522
9759999	288648
9762499	288772
9764999	288898
9767499	289022
9769999	289148
9772499	289272
9774999	289398
9777499	289522
9779999	289648
9782499	289772
9784999	289898
9787499	290022
9789999	290148
9792499	290272
9794999	290398
9797499	290522
9799999	290648
9802499	290772
9804999	290898
9807499	291022
9809999	291148
9812499	291272
9814999	291398
9817499	291522
9819999	291648
9822499	291772
9824999	291898
9827499	292022
9829999	292148
9832499	292272
9834999	292398
9837499	292522
9839999	292648
9842499	292772
9844999	292898
9847499	293022
9849999	293148
9852499	293272
9854999	293398
9857499	293522
9859999	293648
9862499	293772
9864999	293898
9867499	294022
9869999	294148
9872499	294272
9874999	294398
9877499	294522
9879999	294648
9882499	294772
9884999	294898
9887499	295022
9889999	295148
9892499	295272
9894999	295398
9897499	295522
9899999	295648
9902499	295772
9904999	295898
9907499	296022
9909999	296148
9912499	296272
9914999	296398
9917499	296522
9919999	296648
9922499	296772
9924999	296898
9927499	297022
9929999	297148
9932499	297272
9934999	297398
9937499	297522
9939999	297648
9942499	297772
9944999	297898
9947499	298022
9949999	298148
9952499	298272
9954999	298398
9957499	298522
9959999	298648
9962499	298772
9964999	298898
9967499	299022
9969999	299148
9972499	299272
9974999	299398
9977499	299522
9979999	299648
9982499	299772
9984999	299898
9987499	300022
9989999	300148
9992499	300272
9994999	300398
9997499	300522
9999999	300648
