2499	2.43327e-05
4999	3.20638e-05
7499	7.56293e-05
9999	9.74121e-05
12499	0.000110417
14999	4.60069e-05
17499	5.35714e-05
19999	0.000128255
22499	0.000186415
24999	0.000232878
27499	0.000270833
29999	0.000302517
32499	0.000329327
34999	0.000352307
37499	0.000372222
39999	0.000389648
42499	0.000405101
44999	0.000418764
47499	0.00043099
49999	0.000441992
52499	0.000451947
54999	0.000439512
57499	0.000307178
59999	0.000185872
62499	7.42708e-05
64999	2.8746e-05
67499	0.000124132
69999	0.000212705
72499	0.000295169
74999	0.000372135
77499	0.000444136
79999	0.000511637
82499	0.000574968
84999	0.000634651
87499	0.000690923
89999	0.000744068
92499	0.000794341
94999	0.000841968
97499	0.000887153
99999	0.000930078
102499	0.000970909
104999	0.0010098
107499	0.00104687
109999	0.00108227
112499	0.00111609
114999	0.00114844
117499	0.00117941
119999	0.00120909
122499	0.00123756
124999	0.0012649
127499	0.00129116
129999	0.00131641
132499	0.0013407
134999	0.0013641
137499	0.00138665
139999	0.00140839
142499	0.00142937
144999	0.00144962
147499	0.00146919
149999	0.00148811
152499	0.0015064
154999	0.00152411
157499	0.00154125
159999	0.00155786
162499	0.00157396
164999	0.00158949
167499	0.00160463
169999	0.00161933
172499	0.0016336
174999	0.00164747
177499	0.00166094
179999	0.00167404
182499	0.00168679
184999	0.00169918
187499	0.00171125
189999	0.001723
192499	0.00173444
194999	0.00174559
197499	0.00175646
199999	0.00176706
202499	0.00177739
204999	0.00178747
207499	0.00179731
209999	0.00180692
212499	0.0018163
214999	0.00182546
217499	0.00183441
219999	0.00172798
222499	0.00159153
224999	0.0014581
227499	0.00132761
229999	0.00119995
232499	0.00107504
234999	0.000952793
237499	0.000833114
239999	0.000715929
242499	0.00060116
244999	0.000488733
247499	0.000378577
249999	0.000270625
252499	0.00016481
254999	6.10703e-05
257499	4.06553e-05
259999	0.000140425
262499	0.000238294
264999	0.000334316
267499	0.000428544
269999	0.000521026
272499	0.000611812
274999	0.000700947
277499	0.000788476
279999	0.000874442
282499	0.000958886
284999	0.00104185
287499	0.00112337
289999	0.00120348
292499	0.00128223
294999	0.00135964
297499	0.00143575
299999	0.00151059
302499	0.00158419
304999	0.00165659
307499	0.00172781
309999	0.00179788
312499	0.00186683
314999	0.00193469
317499	0.00200148
319999	0.00206722
322499	0.00213194
324999	0.00219567
327499	0.00225843
329999	0.00232031
332499	0.00238119
334999	0.00244115
337499	0.00250023
339999	0.00255844
342499	0.0026158
344999	0.00267233
347499	0.00272804
349999	0.00278296
352499	0.0028371
354999	0.00289048
357499	0.00294311
359999	0.00299501
362499	0.00304619
364999	0.00309668
367499	0.00314647
369999	0.00319559
372499	0.00324406
374999	0.00329187
377499	0.00333906
379999	0.00338562
382499	0.00343158
384999	0.00347693
387499	0.00352171
389999	0.00356591
392499	0.00360954
394999	0.00365262
397499	0.00369516
399999	0.00373717
402499	0.00377866
404999	0.00381964
407499	0.00386011
409999	0.00390009
412499	0.00393958
414999	0.0039786
417499	0.00401715
419999	0.00405525
422499	0.00409289
424999	0.00413009
427499	0.00416685
429999	0.00420319
432499	0.0042391
434999	0.0042746
437499	0.00430964
439999	0.00434434
442499	0.00437865
444999	0.00441257
447499	0.00444611
449999	0.00447928
452499	0.00451209
454999	0.00454453
457499	0.00457662
459999	0.00460836
462499	0.00463975
464999	0.00467081
467499	0.00470154
469999	0.00473194
472499	0.00476201
474999	0.00479178
477499	0.00482123
479999	0.00485037
482499	0.00487921
484999	0.00490775
487499	0.004936
489999	0.00496397
492499	0.00499165
494999	0.00501904
497499	0.00504617
499999	0.00507302
502499	0.00509961
504999	0.00512593
507499	0.00515199
509999	0.0051778
512499	0.00520335
514999	0.00522866
517499	0.00525372
519999	0.00527855
522499	0.00530313
524999	0.00532748
527499	0.0053516
529999	0.00537549
532499	0.00539916
534999	0.00542261
537499	0.00544583
539999	0.00546885
542499	0.00549165
544999	0.00551424
547499	0.00553662
549999	0.00555881
552499	0.00558079
554999	0.00560257
557499	0.00562416
559999	0.00564555
562499	0.00566676
564999	0.00568778
567499	0.00570861
569999	0.00572926
572499	0.00574973
574999	0.00577002
577499	0.00579013
579999	0.00581008
582499	0.00582985
584999	0.00584945
587499	0.00586888
589999	0.00588815
592499	0.00590726
594999	0.00592621
597499	0.005945
599999	0.00596363
602499	0.00598211
604999	0.00600043
607499	0.0060186
609999	0.00603663
612499	0.00605451
614999	0.00607224
617499	0.00608983
619999	0.00610727
622499	0.00612458
624999	0.00614175
627499	0.00615878
629999	0.00617568
632499	0.00619244
634999	0.00620907
637499	0.00622557
639999	0.00624194
642499	0.00625819
644999	0.00627431
647499	0.0062903
649999	0.00630617
652499	0.00632192
654999	0.00633755
657499	0.00635314
659999	0.00636853
662499	0.0063838
664999	0.00639897
667499	0.00641401
669999	0.00642895
672499	0.00644377
674999	0.00645849
677499	0.00647309
679999	0.00648759
682499	0.00650198
684999	0.00651627
687499	0.00653045
689999	0.00654453
692499	0.00655851
694999	0.00657239
697499	0.00658617
699999	0.00659985
702499	0.00661343
704999	0.00662692
707499	0.00664031
709999	0.00665361
712499	0.00666681
714999	0.00667992
717499	0.00669294
719999	0.00670587
722499	0.00671871
724999	0.00673146
727499	0.00674413
729999	0.00675671
732499	0.0067692
734999	0.0067816
737499	0.00679393
739999	0.00680616
742499	0.00681832
744999	0.0068304
747499	0.00684239
749999	0.00685431
752499	0.00686614
754999	0.0068779
757499	0.00688958
759999	0.00690118
762499	0.0069127
764999	0.00692416
767499	0.00693553
769999	0.00694683
772499	0.00695806
774999	0.00696922
777499	0.00698031
779999	0.00699132
782499	0.00700226
784999	0.00701314
787499	0.00702394
789999	0.00703468
792499	0.00704535
794999	0.00705595
797499	0.00706648
799999	0.00707695
802499	0.00708736
804999	0.0070977
807499	0.00710797
809999	0.00711818
812499	0.00712833
814999	0.00713842
817499	0.00714845
819999	0.00715841
822499	0.00716831
824999	0.00717816
827499	0.00718794
829999	0.00719767
832499	0.00720733
834999	0.00721694
837499	0.00722649
839999	0.00723599
842499	0.00724542
844999	0.00725481
847499	0.00726413
849999	0.00727341
852499	0.00728262
854999	0.00729179
857499	0.0073009
859999	0.00730996
862499	0.00731896
864999	0.00732791
867499	0.00733682
869999	0.00734567
872499	0.00735446
874999	0.00736315
877499	0.00737185
879999	0.0073805
882499	0.00725992
884999	0.0071217
887499	0.00698427
889999	0.00684761
892499	0.00671172
894999	0.00657658
897499	0.0064422
899999	0.00630856
902499	0.00617567
904999	0.00604351
907499	0.00591208
909999	0.00578136
912499	0.00565137
914999	0.00552209
917499	0.00539351
919999	0.00526563
922499	0.00513844
924999	0.00501194
927499	0.00488612
929999	0.00476098
932499	0.00463651
934999	0.0045127
937499	0.00438956
939999	0.00426707
942499	0.00414523
944999	0.00402403
947499	0.00390347
949999	0.00378355
952499	0.00366426
954999	0.00354559
957499	0.00342755
959999	0.00331011
962499	0.00319329
964999	0.00307707
967499	0.00296146
969999	0.00284643
972499	0.00273201
974999	0.00261816
977499	0.0025049
979999	0.00239222
982499	0.00228011
984999	0.00216857
987499	0.00205759
989999	0.00194718
992499	0.00183732
994999	0.00172802
997499	0.00161926
999999	0.00151104
1002499	0.00140337
1004999	0.00129623
1007499	0.00118962
1009999	0.00108354
1012499	0.000977984
1014999	0.000872947
1017499	0.000768428
1019999	0.00066442
1022499	0.000560921
1024999	0.000457927
1027499	0.000355434
1029999	0.000253439
1032499	0.000151937
1034999	5.09259e-05
1037499	4.95984e-05
1039999	0.000149639
1042499	0.000249201
1044999	0.000348285
1047499	0.000446897
1049999	0.00054504
1052499	0.000642716
1054999	0.000739929
1057499	0.000836682
1059999	0.00093298
1062499	0.00102882
1064999	0.00112422
1067499	0.00121916
1069999	0.00131367
1072499	0.00140773
1074999	0.00150136
1077499	0.00159455
1079999	0.00168731
1082499	0.00177964
1084999	0.00187154
1087499	0.00196303
1089999	0.00205409
1092499	0.00214474
1094999	0.00223497
1097499	0.00232479
1099999	0.0024142
1102499	0.00250321
1104999	0.00259182
1107499	0.00268002
1109999	0.00276783
1112499	0.00285524
1114999	0.00294226
1117499	0.0030289
1119999	0.00311514
1122499	0.003201
1124999	0.00328648
1127499	0.00337158
1129999	0.00345631
1132499	0.00354065
1134999	0.00362463
1137499	0.00370824
1139999	0.00379148
1142499	0.00387436
1144999	0.00395688
1147499	0.00403903
1149999	0.00412083
1152499	0.00420228
1154999	0.00428337
1157499	0.00436411
1159999	0.0044445
1162499	0.00452455
1164999	0.00460426
1167499	0.00468362
1169999	0.00476264
1172499	0.00484133
1174999	0.00491968
1177499	0.0049977
1179999	0.00507539
1182499	0.00515275
1184999	0.00522978
1187499	0.00530649
1189999	0.00538288
1192499	0.00545894
1194999	0.00553469
1197499	0.00561013
1199999	0.00568524
1202499	0.00576005
1204999	0.00583454
1207499	0.00590873
1209999	0.00598261
1212499	0.00605619
1214999	0.00612946
1217499	0.00620243
1219999	0.0062751
1222499	0.00634748
1224999	0.00641956
1227499	0.00649134
1229999	0.00656284
1232499	0.00663404
1234999	0.00670496
1237499	0.00677559
1239999	0.00684593
1242499	0.006916
1244999	0.00698578
1247499	0.00705528
1249999	0.0071245
1252499	0.00719345
1254999	0.00726212
1257499	0.00733052
1259999	0.00739864
1262499	0.0074665
1264999	0.00753409
1267499	0.00760141
1269999	0.00766847
1272499	0.00773527
1274999	0.0078018
1277499	0.00786807
1279999	0.00793408
1282499	0.00799984
1284999	0.00806534
1287499	0.00813058
1289999	0.00819558
1292499	0.00826032
1294999	0.00832481
1297499	0.00838905
1299999	0.00845305
1302499	0.0085168
1304999	0.0085803
1307499	0.00864356
1309999	0.00870658
1312499	0.00876928
1314999	0.00883183
1317499	0.00889413
1319999	0.0089562
1322499	0.00901804
1324999	0.00907964
1327499	0.00914101
1329999	0.00920215
1332499	0.00926305
1334999	0.00932373
1337499	0.00938419
1339999	0.00944442
1342499	0.00950442
1344999	0.0095642
1347499	0.00962376
1349999	0.0096831
1352499	0.00974222
1354999	0.00980112
1357499	0.00985981
1359999	0.00991827
1362499	0.00997653
1364999	0.0100346
1367499	0.0100924
1369999	0.01015
1372499	0.0102074
1374999	0.0102646
1377499	0.0103216
1379999	0.0103784
1382499	0.010435
1384999	0.0104913
1387499	0.0105475
1389999	0.0106035
1392499	0.0106593
1394999	0.0107148
1397499	0.0107702
1399999	0.0108254
1402499	0.0108803
1404999	0.0109351
1407499	0.0109897
1409999	0.0110441
1412499	0.0110983
1414999	0.0111523
1417499	0.0112061
1419999	0.0112598
1422499	0.0113132
1424999	0.0113664
1427499	0.0114195
1429999	0.0114724
1432499	0.0115251
1434999	0.0115776
1437499	0.0116299
1439999	0.0116821
1442499	0.011734
1444999	0.0117858
1447499	0.0118374
1449999	0.0118889
1452499	0.0119401
1454999	0.0119912
1457499	0.0120421
1459999	0.0120928
1462499	0.0121434
1464999	0.0121938
1467499	0.012244
1469999	0.012294
1472499	0.0123439
1474999	0.0123936
1477499	0.0124431
1479999	0.0124925
1482499	0.0125417
1484999	0.0125907
1487499	0.0126396
1489999	0.0126883
1492499	0.0127368
1494999	0.0127852
1497499	0.0128334
1499999	0.0128815
1502499	0.0129294
1504999	0.0129771
1507499	0.0130247
1509999	0.0130721
1512499	0.0131194
1514999	0.0131665
1517499	0.0132134
1519999	0.0132602
1522499	0.0133069
1524999	0.0133533
1527499	0.0133997
1529999	0.0134459
1532499	0.0134919
1534999	0.0135378
1537499	0.0135835
1539999	0.0136291
1542499	0.0136746
1544999	0.0137199
1547499	0.013765
1549999	0.01381
1552499	0.0138549
1554999	0.0138996
1557499	0.0139442
1559999	0.0139886
1562499	0.0140329
1564999	0.014077
1567499	0.014121
1569999	0.0141649
1572499	0.0142086
1574999	0.0142522
1577499	0.0142956
1579999	0.0143389
1582499	0.0143821
1584999	0.0144251
1587499	0.014468
1589999	0.0145108
1592499	0.0145534
1594999	0.0145959
1597499	0.0146383
1599999	0.0146805
1602499	0.0147226
1604999	0.0147646
1607499	0.0148064
1609999	0.0148481
1612499	0.0148897
1614999	0.0149312
1617499	0.0149725
1619999	0.0150137
1622499	0.0150548
1624999	0.0150957
1627499	0.0151365
1629999	0.0151772
1632499	0.0152178
1634999	0.0152582
1637499	0.0152985
1639999	0.0153387
1642499	0.0153788
1644999	0.0154188
1647499	0.0154586
1649999	0.0154983
1652499	0.0155379
1654999	0.0155774
1657499	0.0156167
1659999	0.0156559
1662499	0.015695
1664999	0.015734
1667499	0.0157729
1669999	0.0158117
1672499	0.0158503
1674999	0.0158889
1677499	0.0159273
1679999	0.0159656
1682499	0.0160038
1684999	0.0160419
1687499	0.0160798
1689999	0.0161177
1692499	0.0161554
1694999	0.016193
1697499	0.0162305
1699999	0.016268
1702499	0.0163052
1704999	0.0163424
1707499	0.0163795
1709999	0.0164165
1712499	0.0164533
1714999	0.0164901
1717499	0.0165267
1719999	0.0165633
1722499	0.0165997
1724999	0.016636
1727499	0.0166723
1729999	0.0167084
1732499	0.0167444
1734999	0.0167803
1737499	0.0168161
1739999	0.0168518
1742499	0.0168874
1744999	0.0169229
1747499	0.0169583
1749999	0.0169937
1752499	0.0170289
1754999	0.017064
1757499	0.017099
1759999	0.0171339
1762499	0.0171687
1764999	0.0172034
1767499	0.017238
1769999	0.0172725
1772499	0.0173069
1774999	0.0173412
1777499	0.0173754
1779999	0.0174095
1782499	0.0174435
1784999	0.0174775
1787499	0.0175113
1789999	0.017545
1792499	0.0175787
1794999	0.0176122
1797499	0.0176457
1799999	0.0176791
1802499	0.0177123
1804999	0.0177455
1807499	0.0177786
1809999	0.0178116
1812499	0.0178445
1814999	0.0178773
1817499	0.01791
1819999	0.0179427
1822499	0.0179752
1824999	0.0180076
1827499	0.01804
1829999	0.0180723
1832499	0.0181045
1834999	0.0181366
1837499	0.0181686
1839999	0.0182005
1842499	0.0182324
1844999	0.0182641
1847499	0.0182958
1849999	0.0183274
1852499	0.0183589
1854999	0.0183903
1857499	0.0184216
1859999	0.0184528
1862499	0.018484
1864999	0.0185151
1867499	0.0185461
1869999	0.018577
1872499	0.0186078
1874999	0.0186386
1877499	0.0186692
1879999	0.0186998
1882499	0.0187303
1884999	0.0187607
1887499	0.0187911
1889999	0.0188213
1892499	0.0188515
1894999	0.0188816
1897499	0.0189116
1899999	0.0189416
1902499	0.0189714
1904999	0.0190012
1907499	0.0190309
1909999	0.0190605
1912499	0.0190901
1914999	0.0191196
1917499	0.019149
1919999	0.0191783
1922499	0.0192075
1924999	0.0192367
1927499	0.0192658
1929999	0.0192948
1932499	0.0193237
1934999	0.0193526
1937499	0.0193814
1939999	0.0194101
1942499	0.0194388
1944999	0.0194673
1947499	0.0194958
1949999	0.0195243
1952499	0.0195526
1954999	0.0195809
1957499	0.0196091
1959999	0.0196372
1962499	0.0196653
1964999	0.0196933
1967499	0.0197212
1969999	0.019749
1972499	0.0197768
1974999	0.0198045
1977499	0.0198322
1979999	0.0198597
1982499	0.0198872
1984999	0.0199147
1987499	0.019942
1989999	0.0199693
1992499	0.0199965
1994999	0.0200237
1997499	0.0200508
1999999	0.0200778
2002499	0.0201048
2004999	0.0201316
2007499	0.0201585
2009999	0.0201852
2012499	0.0202119
2014999	0.0202385
2017499	0.0202651
2019999	0.0202916
2022499	0.020318
2024999	0.0203443
2027499	0.0203706
2029999	0.0203969
2032499	0.020423
2034999	0.0204491
2037499	0.0204752
2039999	0.0205011
2042499	0.020527
2044999	0.0205529
2047499	0.0205787
2049999	0.0206044
2052499	0.02063
2054999	0.0206556
2057499	0.0206811
2059999	0.0207066
2062499	0.020732
2064999	0.0207574
2067499	0.0207826
2069999	0.0208079
2072499	0.020833
2074999	0.0208581
2077499	0.0208832
2079999	0.0209082
2082499	0.0209331
2084999	0.0209579
2087499	0.0209827
2089999	0.0210075
2092499	0.0210322
2094999	0.0210568
2097499	0.0210813
2099999	0.0211059
2102499	0.0211303
2104999	0.0211547
2107499	0.021179
2109999	0.0212033
2112499	0.0212275
2114999	0.0212517
2117499	0.0212758
2119999	0.0212998
2122499	0.0213238
2124999	0.0213477
2127499	0.0213716
2129999	0.0213954
2132499	0.0214192
2134999	0.0214429
2137499	0.0214666
2139999	0.0214902
2142499	0.0215137
2144999	0.0215372
2147499	0.0215606
2149999	0.021584
2152499	0.0216073
2154999	0.0216306
2157499	0.0216538
2159999	0.021677
2162499	0.0217001
2164999	0.0217232
2167499	0.0217462
2169999	0.0217691
2172499	0.021792
2174999	0.0218148
2177499	0.0218376
2179999	0.0218604
2182499	0.0218831
2184999	0.0219057
2187499	0.0219283
2189999	0.0219508
2192499	0.0219733
2194999	0.0219957
2197499	0.0220181
2199999	0.0220404
2202499	0.0220627
2204999	0.0220849
2207499	0.0221071
2209999	0.0221292
2212499	0.0221513
2214999	0.0221733
2217499	0.0221953
2219999	0.0222172
2222499	0.0222391
2224999	0.022261
2227499	0.0222827
2229999	0.0223045
2232499	0.0223261
2234999	0.0223478
2237499	0.0223694
2239999	0.0223909
2242499	0.0224124
2244999	0.0224338
2247499	0.0224552
2249999	0.0224766
2252499	0.0224979
2254999	0.0225191
2257499	0.0225403
2259999	0.0225615
2262499	0.0225826
2264999	0.0226037
2267499	0.0226247
2269999	0.0226457
2272499	0.0226666
2274999	0.0226875
2277499	0.0227083
2279999	0.0227291
2282499	0.0227498
2284999	0.0227705
2287499	0.0227912
2289999	0.0228118
2292499	0.0228323
2294999	0.0228529
2297499	0.0228733
2299999	0.0228937
2302499	0.0229141
2304999	0.0229345
2307499	0.0229548
2309999	0.022975
2312499	0.0229952
2314999	0.0230154
2317499	0.0230355
2319999	0.0230556
2322499	0.0230756
2324999	0.0230956
2327499	0.0231156
2329999	0.0231355
2332499	0.0231553
2334999	0.0231751
2337499	0.0231949
2339999	0.0232147
2342499	0.0232343
2344999	0.023254
2347499	0.0232736
2349999	0.0232932
2352499	0.0233127
2354999	0.0233322
2357499	0.0233516
2359999	0.023371
2362499	0.0233904
2364999	0.0234097
2367499	0.023429
2369999	0.0234482
2372499	0.0234674
2374999	0.0234866
2377499	0.0235057
2379999	0.0235248
2382499	0.0235438
2384999	0.0235628
2387499	0.0235818
2389999	0.0236007
2392499	0.0236196
2394999	0.0236384
2397499	0.0236572
2399999	0.023676
2402499	0.0236947
2404999	0.0237134
2407499	0.023732
2409999	0.0237506
2412499	0.0237692
2414999	0.0237877
2417499	0.0238062
2419999	0.0238246
2422499	0.0238431
2424999	0.0238614
2427499	0.0238798
2429999	0.0238981
2432499	0.0239163
2434999	0.0239345
2437499	0.0239527
2439999	0.0239709
2442499	0.023989
2444999	0.0240071
2447499	0.0240251
2449999	0.0240431
2452499	0.0240611
2454999	0.024079
2457499	0.0240969
2459999	0.0241148
2462499	0.0241326
2464999	0.0241504
2467499	0.0241681
2469999	0.0241858
2472499	0.0242035
2474999	0.0242211
2477499	0.0242387
2479999	0.0242563
2482499	0.0242738
2484999	0.0242913
2487499	0.0243088
2489999	0.0243262
2492499	0.0243436
2494999	0.024361
2497499	0.0243783
2499999	0.0243956
2502499	0.0244128
2504999	0.0244301
2507499	0.0244472
2509999	0.0244644
2512499	0.0244815
2514999	0.0244986
2517499	0.0245156
2519999	0.0245327
2522499	0.0245496
2524999	0.0245666
2527499	0.0245835
2529999	0.0246004
2532499	0.0246172
2534999	0.024634
2537499	0.0246508
2539999	0.0246676
2542499	0.0246843
2544999	0.024701
2547499	0.0247176
2549999	0.0247342
2552499	0.0247508
2554999	0.0247674
2557499	0.0247839
2559999	0.0248004
2562499	0.0248168
2564999	0.0248333
2567499	0.0248496
2569999	0.024866
2572499	0.0248823
2574999	0.0248986
2577499	0.0249149
2579999	0.0249311
2582499	0.0249473
2584999	0.0249635
2587499	0.0249796
2589999	0.0249957
2592499	0.0250118
2594999	0.0250279
2597499	0.0250439
2599999	0.0250599
2602499	0.0250758
2604999	0.0250917
2607499	0.0251076
2609999	0.0251235
2612499	0.0251393
2614999	0.0251551
2617499	0.0251709
2619999	0.0251866
2622499	0.0252023
2624999	0.0252179
2627499	0.0252336
2629999	0.0252492
2632499	0.0252648
2634999	0.0252804
2637499	0.0252959
2639999	0.0253114
2642499	0.0253269
2644999	0.0253423
2647499	0.0253577
2649999	0.0253731
2652499	0.0253885
2654999	0.0254038
2657499	0.0254191
2659999	0.0254344
2662499	0.0254496
2664999	0.0254648
2667499	0.02548
2669999	0.0254952
2672499	0.0255103
2674999	0.0255254
2677499	0.0255405
2679999	0.0255555
2682499	0.0255705
2684999	0.0255855
2687499	0.0256005
2689999	0.0256154
2692499	0.0256303
2694999	0.0256452
2697499	0.02566
2699999	0.0256748
2702499	0.0256896
2704999	0.0257044
2707499	0.0257191
2709999	0.0257339
2712499	0.0257485
2714999	0.0257632
2717499	0.0257778
2719999	0.0257924
2722499	0.025807
2724999	0.0258216
2727499	0.0258361
2729999	0.0258506
2732499	0.025865
2734999	0.0258795
2737499	0.0258939
2739999	0.0259083
2742499	0.0259227
2744999	0.025937
2747499	0.0259513
2749999	0.0259656
2752499	0.0259799
2754999	0.0259941
2757499	0.0260083
2759999	0.0260225
2762499	0.0260366
2764999	0.0260508
2767499	0.0260649
2769999	0.026079
2772499	0.026093
2774999	0.0261071
2777499	0.0261211
2779999	0.026135
2782499	0.026149
2784999	0.0261629
2787499	0.0261768
2789999	0.0261907
2792499	0.0262046
2794999	0.0262184
2797499	0.0262322
2799999	0.026246
2802499	0.0262597
2804999	0.0262735
2807499	0.0262872
2809999	0.0263009
2812499	0.0263145
2814999	0.0263282
2817499	0.0263418
2819999	0.0263553
2822499	0.0263689
2824999	0.0263824
2827499	0.026396
2829999	0.0264095
2832499	0.0264229
2834999	0.0264364
2837499	0.0264498
2839999	0.0264632
2842499	0.0264765
2844999	0.0264899
2847499	0.0265032
2849999	0.0265165
2852499	0.0265298
2854999	0.0265431
2857499	0.0265563
2859999	0.0265695
2862499	0.0265827
2864999	0.0265958
2867499	0.026609
2869999	0.0266221
2872499	0.0266352
2874999	0.0266483
2877499	0.0266613
2879999	0.0266743
2882499	0.0266873
2884999	0.0267003
2887499	0.0267133
2889999	0.0267262
2892499	0.0267391
2894999	0.026752
2897499	0.0267649
2899999	0.0267777
2902499	0.0267906
2904999	0.0268034
2907499	0.0268161
2909999	0.0268289
2912499	0.0268416
2914999	0.0268543
2917499	0.026867
2919999	0.0268797
2922499	0.0268924
2924999	0.026905
2927499	0.0269176
2929999	0.0269302
2932499	0.0269427
2934999	0.0269553
2937499	0.0269678
2939999	0.0269803
2942499	0.0269928
2944999	0.0270052
2947499	0.0270177
2949999	0.0270301
2952499	0.0270425
2954999	0.0270548
2957499	0.0270672
2959999	0.0270795
2962499	0.0270918
2964999	0.0271041
2967499	0.0271164
2969999	0.0271286
2972499	0.0271409
2974999	0.0271531
2977499	0.0271653
2979999	0.0271774
2982499	0.0271896
2984999	0.0272017
2987499	0.0272138
2989999	0.0272259
2992499	0.027238
2994999	0.02725
2997499	0.027262
2999999	0.027274
3002499	0.027286
3004999	0.027298
3007499	0.0273099
3009999	0.0273218
3012499	0.0273337
3014999	0.0273456
3017499	0.0273575
3019999	0.0273693
3022499	0.0273812
3024999	0.027393
3027499	0.0274048
3029999	0.0274165
3032499	0.0274283
3034999	0.02744
3037499	0.0274517
3039999	0.0274634
3042499	0.0274751
3044999	0.0274867
3047499	0.0274984
3049999	0.02751
3052499	0.0275216
3054999	0.0275331
3057499	0.0275447
3059999	0.0275562
3062499	0.0275678
3064999	0.0275793
3067499	0.0275907
3069999	0.0276022
3072499	0.0276136
3074999	0.0276251
3077499	0.0276365
3079999	0.0276479
3082499	0.0276592
3084999	0.0276706
3087499	0.0276819
3089999	0.0276932
3092499	0.0277045
3094999	0.0277158
3097499	0.0277271
3099999	0.0277383
3102499	0.0277495
3104999	0.0277607
3107499	0.0277719
3109999	0.0277831
3112499	0.0277942
3114999	0.0278054
3117499	0.0278165
3119999	0.0278276
3122499	0.0278387
3124999	0.0278497
3127499	0.0278608
3129999	0.0278718
3132499	0.0278828
3134999	0.0278938
3137499	0.0279048
3139999	0.0279157
3142499	0.0279267
3144999	0.0279376
3147499	0.0279485
3149999	0.0279594
3152499	0.0279703
3154999	0.0279811
3157499	0.0279919
3159999	0.0280028
3162499	0.0280136
3164999	0.0280244
3167499	0.0280351
3169999	0.0280459
3172499	0.0280566
3174999	0.0280673
3177499	0.028078
3179999	0.0280887
3182499	0.0280994
3184999	0.02811
3187499	0.0281207
3189999	0.0281313
3192499	0.0281419
3194999	0.0281524
3197499	0.028163
3199999	0.0281736
3202499	0.0281841
3204999	0.0281946
3207499	0.0282051
3209999	0.0282156
3212499	0.0282261
3214999	0.0282365
3217499	0.028247
3219999	0.0282574
3222499	0.0282678
3224999	0.0282782
3227499	0.0282885
3229999	0.0282989
3232499	0.0283092
3234999	0.0283196
3237499	0.0283299
3239999	0.0283401
3242499	0.0283504
3244999	0.0283607
3247499	0.0283709
3249999	0.0283812
3252499	0.0283914
3254999	0.0284016
3257499	0.0284117
3259999	0.0284219
3262499	0.0284321
3264999	0.0284422
3267499	0.0284523
3269999	0.0284624
3272499	0.0284725
3274999	0.0284826
3277499	0.0284926
3279999	0.0285027
3282499	0.0285127
3284999	0.0285227
3287499	0.0285327
3289999	0.0285427
3292499	0.0285526
3294999	0.0285626
3297499	0.0285725
3299999	0.0285824
3302499	0.0285924
3304999	0.0286022
3307499	0.0286121
3309999	0.028622
3312499	0.0286318
3314999	0.0286417
3317499	0.0286515
3319999	0.0286613
3322499	0.0286711
3324999	0.0286808
3327499	0.0286906
3329999	0.0287003
3332499	0.0287101
3334999	0.0287198
3337499	0.0287295
3339999	0.0287391
3342499	0.0287488
3344999	0.0287585
3347499	0.0287681
3349999	0.0287777
3352499	0.0287873
3354999	0.0287969
3357499	0.0288065
3359999	0.0288161
3362499	0.0288256
3364999	0.0288352
3367499	0.0288447
3369999	0.0288542
3372499	0.0288637
3374999	0.0288732
3377499	0.0288827
3379999	0.0288921
3382499	0.0289016
3384999	0.028911
3387499	0.0289204
3389999	0.0289298
3392499	0.0289392
3394999	0.0289486
3397499	0.0289207
3399999	0.0287769
3402499	0.0286333
3404999	0.0284899
3407499	0.0283467
3409999	0.0282038
3412499	0.028061
3414999	0.0279184
3417499	0.0277761
3419999	0.027634
3422499	0.027492
3424999	0.0273503
3427499	0.0272088
3429999	0.0270675
3432499	0.0269264
3434999	0.0267855
3437499	0.0266448
3439999	0.0265043
3442499	0.026364
3444999	0.0262239
3447499	0.0260841
3449999	0.0259444
3452499	0.0258049
3454999	0.0256656
3457499	0.0255266
3459999	0.0253877
3462499	0.025249
3464999	0.0251106
3467499	0.0249723
3469999	0.0248342
3472499	0.0246964
3474999	0.0245587
3477499	0.0244212
3479999	0.0242839
3482499	0.0241469
3484999	0.02401
3487499	0.0238733
3489999	0.0237368
3492499	0.0236005
3494999	0.0234644
3497499	0.0233286
3499999	0.0231929
3502499	0.0230573
3504999	0.022922
3507499	0.0227869
3509999	0.0226519
3512499	0.0225172
3514999	0.0223826
3517499	0.0222483
3519999	0.0221141
3522499	0.0219801
3524999	0.0218463
3527499	0.0217127
3529999	0.0215793
3532499	0.0214461
3534999	0.0213131
3537499	0.0211802
3539999	0.0210476
3542499	0.0209151
3544999	0.0207828
3547499	0.0206507
3549999	0.0205188
3552499	0.0203871
3554999	0.0202555
3557499	0.0201242
3559999	0.019993
3562499	0.019862
3564999	0.0197312
3567499	0.0196006
3569999	0.0194701
3572499	0.0193399
3574999	0.0192098
3577499	0.0190799
3579999	0.0189502
3582499	0.0188207
3584999	0.0186913
3587499	0.0185621
3589999	0.0184331
3592499	0.0183043
3594999	0.0181757
3597499	0.0180473
3599999	0.017919
3602499	0.0177909
3604999	0.017663
3607499	0.0175352
3609999	0.0174077
3612499	0.0172803
3614999	0.0171531
3617499	0.017026
3619999	0.0168992
3622499	0.0167725
3624999	0.016646
3627499	0.0165196
3629999	0.0163935
3632499	0.0162675
3634999	0.0161417
3637499	0.016016
3639999	0.0158906
3642499	0.0157653
3644999	0.0156401
3647499	0.0155152
3649999	0.0153904
3652499	0.0152658
3654999	0.0151414
3657499	0.0150171
3659999	0.014893
3662499	0.0147691
3664999	0.0146453
3667499	0.0145217
3669999	0.0143983
3672499	0.014275
3674999	0.0141519
3677499	0.014029
3679999	0.0139062
3682499	0.0137837
3684999	0.0136612
3687499	0.013539
3689999	0.0134169
3692499	0.013295
3694999	0.0131732
3697499	0.0130516
3699999	0.0129302
3702499	0.0128089
3704999	0.0126878
3707499	0.0125669
3709999	0.0124461
3712499	0.0123255
3714999	0.012205
3717499	0.0120847
3719999	0.0119646
3722499	0.0118446
3724999	0.0117248
3727499	0.0116052
3729999	0.0114857
3732499	0.0113664
3734999	0.0112472
3737499	0.0111282
3739999	0.0110094
3742499	0.0108907
3744999	0.0107721
3747499	0.0106538
3749999	0.0105356
3752499	0.0104175
3754999	0.0102996
3757499	0.0101819
3759999	0.0100643
3762499	0.00994684
3764999	0.00982957
3767499	0.00971245
3769999	0.00959549
3772499	0.00947868
3774999	0.00936203
3777499	0.00924553
3779999	0.00912919
3782499	0.009013
3784999	0.00889696
3787499	0.00878108
3789999	0.00866535
3792499	0.00854977
3794999	0.00843434
3797499	0.00831907
3799999	0.00820395
3802499	0.00808898
3804999	0.00797416
3807499	0.00785949
3809999	0.00774497
3812499	0.0076306
3814999	0.00751638
3817499	0.00740231
3819999	0.00728839
3822499	0.00717462
3824999	0.007061
3827499	0.00694753
3829999	0.0068342
3832499	0.00672103
3834999	0.006608
3837499	0.00649511
3839999	0.00638238
3842499	0.00626979
3844999	0.00615735
3847499	0.00604505
3849999	0.0059329
3852499	0.0058209
3854999	0.00570904
3857499	0.00559732
3859999	0.00548575
3862499	0.00537433
3864999	0.00526304
3867499	0.00515191
3869999	0.00504091
3872499	0.00493006
3874999	0.00481935
3877499	0.00470879
3879999	0.00459837
3882499	0.00448809
3884999	0.00437795
3887499	0.00426795
3889999	0.0041581
3892499	0.00404838
3894999	0.00393881
3897499	0.00382938
3899999	0.00372009
3902499	0.00361093
3904999	0.00350192
3907499	0.00339305
3909999	0.00328431
3912499	0.00317572
3914999	0.00306726
3917499	0.00295894
3919999	0.00285077
3922499	0.00274272
3924999	0.00263482
3927499	0.00252705
3929999	0.00241942
3932499	0.00231193
3934999	0.00220457
3937499	0.00209735
3939999	0.00199027
3942499	0.00188332
3944999	0.00177651
3947499	0.00166983
3949999	0.00156329
3952499	0.00145688
3954999	0.00135061
3957499	0.00124447
3959999	0.00113847
3962499	0.0010326
3964999	0.00092686
3967499	0.000821256
3969999	0.000715785
3972499	0.000610447
3974999	0.000505241
3977499	0.000400168
3979999	0.000295226
3982499	0.000190416
3984999	8.57382e-05
3987499	1.88088e-05
3989999	0.000123225
3992499	0.00022751
3994999	0.000331665
3997499	0.000435689
3999999	0.000539583
4002499	0.000643348
4004999	0.000746983
4007499	0.000850489
4009999	0.000953865
4012499	0.00105711
4014999	0.00116023
4017499	0.00126322
4019999	0.00136609
4022499	0.00146882
4024999	0.00157143
4027499	0.00167391
4029999	0.00177626
4032499	0.00187849
4034999	0.00198059
4037499	0.00208256
4039999	0.00218441
4042499	0.00228613
4044999	0.00238772
4047499	0.00248919
4049999	0.00259053
4052499	0.00269175
4054999	0.00279285
4057499	0.00289382
4059999	0.00299466
4062499	0.00309538
4064999	0.00319598
4067499	0.00329646
4069999	0.00339681
4072499	0.00349703
4074999	0.00359714
4077499	0.00369712
4079999	0.00379698
4082499	0.00389671
4084999	0.00399633
4087499	0.00409582
4089999	0.00419519
4092499	0.00429444
4094999	0.00439357
4097499	0.00449258
4099999	0.00459146
4102499	0.00469023
4104999	0.00478888
4107499	0.0048874
4109999	0.00498581
4112499	0.00508409
4114999	0.00518226
4117499	0.00528031
4119999	0.00537824
4122499	0.00547605
4124999	0.00557374
4127499	0.00567131
4129999	0.00576877
4132499	0.0058661
4134999	0.00596332
4137499	0.00606042
4139999	0.00615741
4142499	0.00625427
4144999	0.00635103
4147499	0.00644766
4149999	0.00654418
4152499	0.00664058
4154999	0.00673686
4157499	0.00683303
4159999	0.00692909
4162499	0.00702502
4164999	0.00712085
4167499	0.00721656
4169999	0.00731215
4172499	0.00740763
4174999	0.00750299
4177499	0.00759824
4179999	0.00769338
4182499	0.0077884
4184999	0.00788331
4187499	0.00797811
4189999	0.00807279
4192499	0.00816736
4194999	0.00826182
4197499	0.00835616
4199999	0.0084504
4202499	0.00854452
4204999	0.00863853
4207499	0.00873242
4209999	0.00882621
4212499	0.00891988
4214999	0.00901344
4217499	0.0091069
4219999	0.00920024
4222499	0.00929347
4224999	0.00938659
4227499	0.0094796
4229999	0.0095725
4232499	0.00966529
4234999	0.00975797
4237499	0.00985054
4239999	0.009943
4242499	0.0100354
4244999	0.0101276
4247499	0.0102197
4249999	0.0103118
4252499	0.0104037
4254999	0.0104955
4257499	0.0105872
4259999	0.0106788
4262499	0.0107703
4264999	0.0108617
4267499	0.0109529
4269999	0.0110441
4272499	0.0111352
4274999	0.0112261
4277499	0.011317
4279999	0.0114077
4282499	0.0114983
4284999	0.0115889
4287499	0.0116793
4289999	0.0117696
4292499	0.0118598
4294999	0.0119499
4297499	0.0120399
4299999	0.0121298
4302499	0.0122196
4304999	0.0123093
4307499	0.0123989
4309999	0.0124884
4312499	0.0125778
4314999	0.0126671
4317499	0.0127562
4319999	0.0128453
4322499	0.0129343
4324999	0.0130231
4327499	0.0131119
4329999	0.0132005
4332499	0.0132891
4334999	0.0133775
4337499	0.0134659
4339999	0.0135541
4342499	0.0136423
4344999	0.0137303
4347499	0.0138183
4349999	0.0139061
4352499	0.0139939
4354999	0.0140815
4357499	0.0141691
4359999	0.0142565
4362499	0.0143438
4364999	0.0144311
4367499	0.0145182
4369999	0.0146053
4372499	0.0146922
4374999	0.014779
4377499	0.0148658
4379999	0.0149524
4382499	0.015039
4384999	0.0151254
4387499	0.0152118
4389999	0.015298
4392499	0.0153842
4394999	0.0154702
4397499	0.0155562
4399999	0.015642
4402499	0.0157278
4404999	0.0158135
4407499	0.015899
4409999	0.0159845
4412499	0.0160699
4414999	0.0161552
4417499	0.0162403
4419999	0.0163254
4422499	0.0164104
4424999	0.0164953
4427499	0.0165801
4429999	0.0166648
4432499	0.0167494
4434999	0.0168339
4437499	0.0169183
4439999	0.0170026
4442499	0.0170869
4444999	0.017171
4447499	0.017255
4449999	0.017339
4452499	0.0174228
4454999	0.0175065
4457499	0.0175902
4459999	0.0176738
4462499	0.0177572
4464999	0.0178406
4467499	0.0179239
4469999	0.0180071
4472499	0.0180902
4474999	0.0181732
4477499	0.0182561
4479999	0.0183389
4482499	0.0184216
4484999	0.0185043
4487499	0.0185868
4489999	0.0186693
4492499	0.0187516
4494999	0.0188339
4497499	0.0189161
4499999	0.0189981
4502499	0.0190801
4504999	0.019162
4507499	0.0192439
4509999	0.0193256
4512499	0.0194072
4514999	0.0194887
4517499	0.0195702
4519999	0.0196515
4522499	0.0197328
4524999	0.019814
4527499	0.0198951
4529999	0.0199761
4532499	0.020057
4534999	0.0201378
4537499	0.0202185
4539999	0.0202992
4542499	0.0203797
4544999	0.0204602
4547499	0.0205406
4549999	0.0206209
4552499	0.0207011
4554999	0.0207812
4557499	0.0208612
4559999	0.0209412
4562499	0.021021
4564999	0.0211008
4567499	0.0211804
4569999	0.02126
4572499	0.0213395
4574999	0.0214189
4577499	0.0214983
4579999	0.0215775
4582499	0.0216567
4584999	0.0217357
4587499	0.0218147
4589999	0.0218936
4592499	0.0219724
4594999	0.0220511
4597499	0.0221298
4599999	0.0222083
4602499	0.0222868
4604999	0.0223652
4607499	0.0224435
4609999	0.0225217
4612499	0.0225998
4614999	0.0226779
4617499	0.0227558
4619999	0.0228337
4622499	0.0229115
4624999	0.0229892
4627499	0.0230668
4629999	0.0231443
4632499	0.0232218
4634999	0.0232992
4637499	0.0233765
4639999	0.0234537
4642499	0.0235308
4644999	0.0236078
4647499	0.0236848
4649999	0.0237616
4652499	0.0238384
4654999	0.0239151
4657499	0.0239918
4659999	0.0240683
4662499	0.0241448
4664999	0.0242212
4667499	0.0242974
4669999	0.0243737
4672499	0.0244498
4674999	0.0245258
4677499	0.0246018
4679999	0.0246777
4682499	0.0247535
4684999	0.0248292
4687499	0.0249049
4689999	0.0249805
4692499	0.0250559
4694999	0.0251313
4697499	0.0252067
4699999	0.0252819
4702499	0.0253571
4704999	0.0254322
4707499	0.0255072
4709999	0.0255821
4712499	0.0256569
4714999	0.0257317
4717499	0.0258064
4719999	0.025881
4722499	0.0259555
4724999	0.02603
4727499	0.0261044
4729999	0.0261786
4732499	0.0262529
4734999	0.026327
4737499	0.0264011
4739999	0.026475
4742499	0.0265489
4744999	0.0266228
4747499	0.0266965
4749999	0.0267702
4752499	0.0268438
4754999	0.0269173
4757499	0.0269907
4759999	0.0270641
4762499	0.0271374
4764999	0.0272106
4767499	0.0272837
4769999	0.0273567
4772499	0.0274297
4774999	0.0275026
4777499	0.0275754
4779999	0.0276482
4782499	0.0277209
4784999	0.0277935
4787499	0.027866
4789999	0.0279384
4792499	0.0280108
4794999	0.0280831
4797499	0.0281553
4799999	0.0282274
4802499	0.0282995
4804999	0.0283715
4807499	0.0284434
4809999	0.0285152
4812499	0.028587
4814999	0.0286587
4817499	0.0287303
4819999	0.0288019
4822499	0.0288733
4824999	0.0289447
4827499	0.0290161
4829999	0.0290873
4832499	0.0291585
4834999	0.0292296
4837499	0.0293006
4839999	0.0293716
4842499	0.0294424
4844999	0.0295132
4847499	0.029584
4849999	0.0296546
4852499	0.0297252
4854999	0.0297957
4857499	0.0298662
4859999	0.0299366
4862499	0.0300069
4864999	0.0300771
4867499	0.0301472
4869999	0.0302173
4872499	0.0302873
4874999	0.0303573
4877499	0.0304271
4879999	0.0304969
4882499	0.0305666
4884999	0.0306363
4887499	0.0307059
4889999	0.0307754
4892499	0.0308448
4894999	0.0309142
4897499	0.0309835
4899999	0.0310527
4902499	0.0311219
4904999	0.031191
4907499	0.03126
4909999	0.0313289
4912499	0.0313978
4914999	0.0314666
4917499	0.0315353
4919999	0.031604
4922499	0.0316726
4924999	0.0317411
4927499	0.0318096
4929999	0.031878
4932499	0.0319463
4934999	0.0320145
4937499	0.0320827
4939999	0.0321508
4942499	0.0322189
4944999	0.0322868
4947499	0.0323547
4949999	0.0324226
4952499	0.0324903
4954999	0.032558
4957499	0.0326257
4959999	0.0326932
4962499	0.0327607
4964999	0.0328281
4967499	0.0328955
4969999	0.0329628
4972499	0.03303
4974999	0.0330972
4977499	0.0331642
4979999	0.0332313
4982499	0.0332982
4984999	0.0333651
4987499	0.0334319
4989999	0.0334987
4992499	0.0335653
4994999	0.033632
4997499	0.0336985
4999999	0.033765
5002499	0.0338314
5004999	0.0338978
5007499	0.0339641
5009999	0.0340303
5012499	0.0340964
5014999	0.0341625
5017499	0.0342285
5019999	0.0342945
5022499	0.0343604
5024999	0.0344262
5027499	0.034492
5029999	0.0345577
5032499	0.0346233
5034999	0.0346888
5037499	0.0347543
5039999	0.0348198
5042499	0.0348851
5044999	0.0349504
5047499	0.0350157
5049999	0.0350809
5052499	0.035146
5054999	0.035211
5057499	0.035276
5059999	0.0353409
5062499	0.0354058
5064999	0.0354705
5067499	0.0355353
5069999	0.0355999
5072499	0.0356645
5074999	0.0357291
5077499	0.0357935
5079999	0.0358579
5082499	0.0359223
5084999	0.0359866
5087499	0.0360508
5089999	0.0361149
5092499	0.036179
5094999	0.036243
5097499	0.036307
5099999	0.0363709
5102499	0.0364348
5104999	0.0364985
5107499	0.0365622
5109999	0.0366259
5112499	0.0366895
5114999	0.036753
5117499	0.0368165
5119999	0.0368799
5122499	0.0369432
5124999	0.0370065
5127499	0.0370697
5129999	0.0371329
5132499	0.037196
5134999	0.037259
5137499	0.037322
5139999	0.0373849
5142499	0.0374477
5144999	0.0375105
5147499	0.0375733
5149999	0.0376359
5152499	0.0376985
5154999	0.0377611
5157499	0.0378236
5159999	0.037886
5162499	0.0379483
5164999	0.0380106
5167499	0.0380729
5169999	0.0381351
5172499	0.0381972
5174999	0.0382593
5177499	0.0383213
5179999	0.0383832
5182499	0.0384451
5184999	0.0385069
5187499	0.0385687
5189999	0.0386304
5192499	0.038692
5194999	0.0387536
5197499	0.0388151
5199999	0.0388766
5202499	0.038938
5204999	0.0389994
5207499	0.0390606
5209999	0.0391219
5212499	0.0391831
5214999	0.0392442
5217499	0.0393052
5219999	0.0393662
5222499	0.0394272
5224999	0.039488
5227499	0.0395489
5229999	0.0396096
5232499	0.0396703
5234999	0.039731
5237499	0.0397916
5239999	0.0398521
5242499	0.0399126
5244999	0.0399731
5247499	0.0400334
5249999	0.0400937
5252499	0.040154
5254999	0.0402142
5257499	0.0402743
5259999	0.0403344
5262499	0.0403944
5264999	0.0404543
5267499	0.0405142
5269999	0.0405741
5272499	0.0406339
5274999	0.0406936
5277499	0.0407533
5279999	0.0408129
5282499	0.0408725
5284999	0.040932
5287499	0.0409914
5289999	0.0410508
5292499	0.0411101
5294999	0.0411694
5297499	0.0412286
5299999	0.0412878
5302499	0.0413469
5304999	0.041406
5307499	0.041465
5309999	0.0415239
5312499	0.0415828
5314999	0.0416417
5317499	0.0417004
5319999	0.0417592
5322499	0.0418178
5324999	0.0418764
5327499	0.041935
5329999	0.0419935
5332499	0.042052
5334999	0.0421104
5337499	0.0421687
5339999	0.042227
5342499	0.0422852
5344999	0.0423434
5347499	0.0424015
5349999	0.0424596
5352499	0.0425176
5354999	0.0425755
5357499	0.0426335
5359999	0.0426913
5362499	0.0427491
5364999	0.0428068
5367499	0.0428645
5369999	0.0429222
5372499	0.0429798
5374999	0.0430373
5377499	0.0430948
5379999	0.0431522
5382499	0.0432095
5384999	0.0432669
5387499	0.0433241
5389999	0.0433813
5392499	0.0434385
5394999	0.0434956
5397499	0.0435526
5399999	0.0436096
5402499	0.0436666
5404999	0.0437235
5407499	0.0437803
5409999	0.0438371
5412499	0.0438938
5414999	0.0439505
5417499	0.0440071
5419999	0.0440637
5422499	0.0441203
5424999	0.0441767
5427499	0.0442331
5429999	0.0442895
5432499	0.0443458
5434999	0.0444021
5437499	0.0444583
5439999	0.0445145
5442499	0.0445706
5444999	0.0446266
5447499	0.0446826
5449999	0.0447386
5452499	0.0447945
5454999	0.0448504
5457499	0.0449062
5459999	0.0449619
5462499	0.0450176
5464999	0.0450733
5467499	0.0451289
5469999	0.0451844
5472499	0.0452399
5474999	0.0452954
5477499	0.0453507
5479999	0.0454061
5482499	0.0454614
5484999	0.0455166
5487499	0.0455718
5489999	0.045627
5492499	0.0456821
5494999	0.0457371
5497499	0.0457921
5499999	0.045847
5502499	0.0459019
5504999	0.0459568
5507499	0.0460116
5509999	0.0460663
5512499	0.046121
5514999	0.0461757
5517499	0.0462302
5519999	0.0462848
5522499	0.0463393
5524999	0.0463937
5527499	0.0464481
5529999	0.0465025
5532499	0.0465568
5534999	0.046611
5537499	0.0466652
5539999	0.0467194
5542499	0.0467735
5544999	0.0468275
5547499	0.0468815
5549999	0.0469355
5552499	0.0469894
5554999	0.0470433
5557499	0.0470971
5559999	0.0471509
5562499	0.0472046
5564999	0.0472582
5567499	0.0473118
5569999	0.0473654
5572499	0.0474189
5574999	0.0474724
5577499	0.0475258
5579999	0.0475792
5582499	0.0476326
5584999	0.0476858
5587499	0.0477391
5589999	0.0477923
5592499	0.0478454
5594999	0.0478985
5597499	0.0479515
5599999	0.0480045
5602499	0.0480575
5604999	0.0481104
5607499	0.0481632
5609999	0.0482161
5612499	0.0482688
5614999	0.0483215
5617499	0.0483742
5619999	0.0484268
5622499	0.0484794
5624999	0.0485319
5627499	0.0485844
5629999	0.0486368
5632499	0.0486892
5634999	0.0487416
5637499	0.0487939
5639999	0.0488461
5642499	0.0488983
5644999	0.0489505
5647499	0.0490026
5649999	0.0490546
5652499	0.0491067
5654999	0.0491586
5657499	0.0492106
5659999	0.0492624
5662499	0.0493143
5664999	0.0493661
5667499	0.0494178
5669999	0.0494695
5672499	0.0495212
5674999	0.0495728
5677499	0.0496243
5679999	0.0496758
5682499	0.0497273
5684999	0.0497787
5687499	0.0498301
5689999	0.0498814
5692499	0.0499327
5694999	0.049984
5697499	0.0500352
5699999	0.0500863
5702499	0.0501374
5704999	0.0501885
5707499	0.0502395
5709999	0.0502905
5712499	0.0503414
5714999	0.0503923
5717499	0.0504432
5719999	0.050494
5722499	0.0505447
5724999	0.0505954
5727499	0.0506461
5729999	0.0506967
5732499	0.0507473
5734999	0.0507978
5737499	0.0508483
5739999	0.0508987
5742499	0.0509491
5744999	0.0509995
5747499	0.0510498
5749999	0.0511001
5752499	0.0511503
5754999	0.0512005
5757499	0.0512506
5759999	0.0513007
5762499	0.0513508
5764999	0.0514008
5767499	0.0514507
5769999	0.0515006
5772499	0.0515505
5774999	0.0516004
5777499	0.0516501
5779999	0.0516999
5782499	0.0517496
5784999	0.0517993
5787499	0.0518489
5789999	0.0518985
5792499	0.051948
5794999	0.0519975
5797499	0.0520469
5799999	0.0520963
5802499	0.0521457
5804999	0.052195
5807499	0.0522443
5809999	0.0522935
5812499	0.0523427
5814999	0.0523919
5817499	0.052441
5819999	0.05249
5822499	0.0525391
5824999	0.052588
5827499	0.052637
5829999	0.0526859
5832499	0.0527347
5834999	0.0527836
5837499	0.0528323
5839999	0.0528811
5842499	0.0529297
5844999	0.0529784
5847499	0.053027
5849999	0.0530756
5852499	0.0531241
5854999	0.0531726
5857499	0.053221
5859999	0.0532694
5862499	0.0533178
5864999	0.0533661
5867499	0.0534144
5869999	0.0534626
5872499	0.0535108
5874999	0.0535589
5877499	0.053607
5879999	0.0536551
5882499	0.0537031
5884999	0.0537511
5887499	0.0537991
5889999	0.053847
5892499	0.0538948
5894999	0.0539427
5897499	0.0539905
5899999	0.0540382
5902499	0.0540859
5904999	0.0541336
5907499	0.0541812
5909999	0.0542288
5912499	0.0542763
5914999	0.0543238
5917499	0.0543713
5919999	0.0544187
5922499	0.0544661
5924999	0.0545134
5927499	0.0545607
5929999	0.054608
5932499	0.0546552
5934999	0.0547024
5937499	0.0547495
5939999	0.0547966
5942499	0.0548437
5944999	0.0548907
5947499	0.0549377
5949999	0.0549847
5952499	0.0550316
5954999	0.0550784
5957499	0.0551253
5959999	0.055172
5962499	0.0552188
5964999	0.0552655
5967499	0.0553122
5969999	0.0553588
5972499	0.0554054
5974999	0.0554519
5977499	0.0554985
5979999	0.0555449
5982499	0.0555914
5984999	0.0556378
5987499	0.0556841
5989999	0.0557305
5992499	0.0557767
5994999	0.055823
5997499	0.0558692
5999999	0.0559153
6002499	0.0559615
6004999	0.0560076
6007499	0.0560536
6009999	0.0560996
6012499	0.0561456
6014999	0.0561915
6017499	0.0562374
6019999	0.0562833
6022499	0.0563291
6024999	0.0563749
6027499	0.0564206
6029999	0.0564663
6032499	0.056512
6034999	0.0565576
6037499	0.0566032
6039999	0.0566488
6042499	0.0566943
6044999	0.0567398
6047499	0.0567852
6049999	0.0568306
6052499	0.056876
6054999	0.0569213
6057499	0.0569666
6059999	0.0570119
6062499	0.0570571
6064999	0.0571023
6067499	0.0571474
6069999	0.0571925
6072499	0.0572376
6074999	0.0572826
6077499	0.0573276
6079999	0.0573726
6082499	0.0574175
6084999	0.0574624
6087499	0.0575073
6089999	0.0575521
6092499	0.0575968
6094999	0.0576416
6097499	0.0576863
6099999	0.0577309
6102499	0.0577756
6104999	0.0578202
6107499	0.0578647
6109999	0.0579092
6112499	0.0579537
6114999	0.0579982
6117499	0.0580426
6119999	0.0580869
6122499	0.0581313
6124999	0.0581756
6127499	0.0582198
6129999	0.0582641
6132499	0.0583083
6134999	0.0583524
6137499	0.0583965
6139999	0.0584406
6142499	0.0584847
6144999	0.0585287
6147499	0.0585727
6149999	0.0586166
6152499	0.0586605
6154999	0.0587044
6157499	0.0587482
6159999	0.058792
6162499	0.0588358
6164999	0.0588795
6167499	0.0589232
6169999	0.0589668
6172499	0.0590105
6174999	0.059054
6177499	0.0590976
6179999	0.0591411
6182499	0.0591846
6184999	0.059228
6187499	0.0592714
6189999	0.0593148
6192499	0.0593582
6194999	0.0594015
6197499	0.0594447
6199999	0.059488
6202499	0.0595312
6204999	0.0595743
6207499	0.0596175
6209999	0.0596606
6212499	0.0597036
6214999	0.0597466
6217499	0.0597896
6219999	0.0598326
6222499	0.0598755
6224999	0.0599184
6227499	0.0599613
6229999	0.0600041
6232499	0.0600469
6234999	0.0600896
6237499	0.0601323
6239999	0.060175
6242499	0.0602177
6244999	0.0602603
6247499	0.0603028
6249999	0.0603454
6252499	0.0603879
6254999	0.0604304
6257499	0.0604728
6259999	0.0605152
6262499	0.0605576
6264999	0.0606
6267499	0.0606423
6269999	0.0606845
6272499	0.0607268
6274999	0.060769
6277499	0.0608112
6279999	0.0608533
6282499	0.0608954
6284999	0.0609375
6287499	0.0609795
6289999	0.0610215
6292499	0.0610635
6294999	0.0611054
6297499	0.0611473
6299999	0.0611892
6302499	0.0612311
6304999	0.0612729
6307499	0.0613146
6309999	0.0613564
6312499	0.0613981
6314999	0.0614398
6317499	0.0614814
6319999	0.061523
6322499	0.0615646
6324999	0.0616061
6327499	0.0616476
6329999	0.0616891
6332499	0.0617306
6334999	0.061772
6337499	0.0618133
6339999	0.0618547
6342499	0.061896
6344999	0.0619373
6347499	0.0619785
6349999	0.0620197
6352499	0.0620609
6354999	0.0621021
6357499	0.0621432
6359999	0.0621843
6362499	0.0622253
6364999	0.0622664
6367499	0.0623074
6369999	0.0623483
6372499	0.0623892
6374999	0.0624301
6377499	0.062471
6379999	0.0625118
6382499	0.0625526
6384999	0.0625934
6387499	0.0626341
6389999	0.0626748
6392499	0.0627155
6394999	0.0627561
6397499	0.0627967
6399999	0.0628373
6402499	0.0628778
6404999	0.0629184
6407499	0.0629588
6409999	0.0629993
6412499	0.0630397
6414999	0.0630801
6417499	0.0631204
6419999	0.0631608
6422499	0.063201
6424999	0.0632413
6427499	0.0632815
6429999	0.0633217
6432499	0.0633619
6434999	0.063402
6437499	0.0634421
6439999	0.0634822
6442499	0.0635222
6444999	0.0635623
6447499	0.0636022
6449999	0.0636422
6452499	0.0636821
6454999	0.063722
6457499	0.0637618
6459999	0.0638017
6462499	0.0638415
6464999	0.0638812
6467499	0.0639209
6469999	0.0639606
6472499	0.0640003
6474999	0.06404
6477499	0.0640796
6479999	0.0641191
6482499	0.0641587
6484999	0.0641982
6487499	0.0642377
6489999	0.0642771
6492499	0.0643166
6494999	0.064356
6497499	0.0643953
6499999	0.0644347
6502499	0.064474
6504999	0.0645133
6507499	0.0645525
6509999	0.0645917
6512499	0.0646309
6514999	0.06467
6517499	0.0647092
6519999	0.0647483
6522499	0.0647873
6524999	0.0648264
6527499	0.0648654
6529999	0.0649043
6532499	0.0649433
6534999	0.0649822
6537499	0.0650211
6539999	0.0650599
6542499	0.0650988
6544999	0.0651376
6547499	0.0651763
6549999	0.0652151
6552499	0.0652538
6554999	0.0652925
6557499	0.0653311
6559999	0.0653697
6562499	0.0654083
6564999	0.0654469
6567499	0.0654854
6569999	0.0655239
6572499	0.0655624
6574999	0.0656008
6577499	0.0656392
6579999	0.0656776
6582499	0.065716
6584999	0.0657543
6587499	0.0657926
6589999	0.0658309
6592499	0.0658691
6594999	0.0659073
6597499	0.0659455
6599999	0.0659836
6602499	0.0660218
6604999	0.0660599
6607499	0.0660979
6609999	0.066136
6612499	0.066174
6614999	0.066212
6617499	0.0662499
6619999	0.0662878
6622499	0.0663257
6624999	0.0663636
6627499	0.0664014
6629999	0.0664392
6632499	0.066477
6634999	0.0665148
6637499	0.0665525
6639999	0.0665902
6642499	0.0666278
6644999	0.0666655
6647499	0.0667031
6649999	0.0667407
6652499	0.0667782
6654999	0.0668157
6657499	0.0668532
6659999	0.0668907
6662499	0.0669281
6664999	0.0669656
6667499	0.0670029
6669999	0.0670403
6672499	0.0670776
6674999	0.0671149
6677499	0.0671522
6679999	0.0671894
6682499	0.0672266
6684999	0.0672638
6687499	0.067301
6689999	0.0673381
6692499	0.0673752
6694999	0.0674123
6697499	0.0674494
6699999	0.0674864
6702499	0.0675234
6704999	0.0675603
6707499	0.0675973
6709999	0.0676342
6712499	0.0676711
6714999	0.0677079
6717499	0.0677448
6719999	0.0677816
6722499	0.0678183
6724999	0.0678551
6727499	0.0678918
6729999	0.0679285
6732499	0.0679651
6734999	0.0680018
6737499	0.0680384
6739999	0.068075
6742499	0.0681115
6744999	0.0681481
6747499	0.0681846
6749999	0.068221
6752499	0.0682575
6754999	0.0682939
6757499	0.0683303
6759999	0.0683667
6762499	0.068403
6764999	0.0684393
6767499	0.0684756
6769999	0.0685119
6772499	0.0685481
6774999	0.0685843
6777499	0.0686205
6779999	0.0686566
6782499	0.0686928
6784999	0.0687289
6787499	0.0687649
6789999	0.068801
6792499	0.068837
6794999	0.068873
6797499	0.068909
6799999	0.0689449
6802499	0.0689808
6804999	0.0690167
6807499	0.0690526
6809999	0.0690884
6812499	0.0691242
6814999	0.06916
6817499	0.0691958
6819999	0.0692315
6822499	0.0692672
6824999	0.0693029
6827499	0.0693385
6829999	0.0693741
6832499	0.0694097
6834999	0.0694453
6837499	0.0694809
6839999	0.0695164
6842499	0.0695519
6844999	0.0695873
6847499	0.0696228
6849999	0.0696582
6852499	0.0696936
6854999	0.069729
6857499	0.0697643
6859999	0.0697996
6862499	0.0698349
6864999	0.0698702
6867499	0.0699054
6869999	0.0699406
6872499	0.0699758
6874999	0.070011
6877499	0.0700461
6879999	0.0700812
6882499	0.0701163
6884999	0.0701514
6887499	0.0701864
6889999	0.0702214
6892499	0.0702564
6894999	0.0702913
6897499	0.0703263
6899999	0.0703612
6902499	0.0703961
6904999	0.0704309
6907499	0.0704657
6909999	0.0705005
6912499	0.0705353
6914999	0.0705701
6917499	0.0706048
6919999	0.0706395
6922499	0.0706742
6924999	0.0707088
6927499	0.0707435
6929999	0.0707781
6932499	0.0708127
6934999	0.0708472
6937499	0.0708817
6939999	0.0709162
6942499	0.0709507
6944999	0.0709852
6947499	0.0710196
6949999	0.071054
6952499	0.0710884
6954999	0.0711228
6957499	0.0711571
6959999	0.0711914
6962499	0.0712257
6964999	0.0712599
6967499	0.0712942
6969999	0.0713284
6972499	0.0713625
6974999	0.0713967
6977499	0.0714308
6979999	0.071465
6982499	0.071499
6984999	0.0715331
6987499	0.0715671
6989999	0.0716012
6992499	0.0716351
6994999	0.071669
6997499	0.071703
6999999	0.0717369
7002499	0.0717708
7004999	0.0718047
7007499	0.0718385
7009999	0.0718723
7012499	0.0719061
7014999	0.0719399
7017499	0.0719736
7019999	0.0720074
7022499	0.0720411
7024999	0.0720747
7027499	0.0721084
7029999	0.072142
7032499	0.0721756
7034999	0.0722092
7037499	0.0722427
7039999	0.0722763
7042499	0.0723098
7044999	0.0723433
7047499	0.0723767
7049999	0.0724102
7052499	0.0724436
7054999	0.072477
7057499	0.0725103
7059999	0.0725437
7062499	0.072577
7064999	0.0726103
7067499	0.0726436
7069999	0.0726768
7072499	0.07271
7074999	0.0727432
7077499	0.0727764
7079999	0.0728096
7082499	0.0728427
7084999	0.0728758
7087499	0.0729089
7089999	0.0729419
7092499	0.072975
7094999	0.073008
7097499	0.073041
7099999	0.0730739
7102499	0.0731069
7104999	0.0731398
7107499	0.0731727
7109999	0.0732056
7112499	0.0732384
7114999	0.0732713
7117499	0.0733041
7119999	0.0733368
7122499	0.0733696
7124999	0.0734023
7127499	0.0734351
7129999	0.0734677
7132499	0.0735004
7134999	0.0735331
7137499	0.0735657
7139999	0.0735983
7142499	0.0736308
7144999	0.0736634
7147499	0.0736959
7149999	0.0737284
7152499	0.0737609
7154999	0.0737934
7157499	0.0738258
7159999	0.0738582
7162499	0.0738906
7164999	0.073923
7167499	0.0739554
7169999	0.0739877
7172499	0.07402
7174999	0.0740523
7177499	0.0740845
7179999	0.0741168
7182499	0.074149
7184999	0.0741812
7187499	0.0742133
7189999	0.0742455
7192499	0.0742776
7194999	0.0743097
7197499	0.0743418
7199999	0.0743738
7202499	0.0744059
7204999	0.0744379
7207499	0.0744699
7209999	0.0745018
7212499	0.0745338
7214999	0.0745657
7217499	0.0745976
7219999	0.0746295
7222499	0.0746614
7224999	0.0746932
7227499	0.074725
7229999	0.0747568
7232499	0.0747886
7234999	0.0748203
7237499	0.074852
7239999	0.0748837
7242499	0.0749154
7244999	0.0749471
7247499	0.0749787
7249999	0.0750103
7252499	0.0750419
7254999	0.0750735
7257499	0.0751051
7259999	0.0751366
7262499	0.0751681
7264999	0.0751996
7267499	0.0752311
7269999	0.0752625
7272499	0.0752939
7274999	0.0753253
7277499	0.0753567
7279999	0.0753881
7282499	0.0754194
7284999	0.0754507
7287499	0.075482
7289999	0.0755133
7292499	0.0755445
7294999	0.0755757
7297499	0.0756069
7299999	0.0756381
7302499	0.0756693
7304999	0.0757004
7307499	0.0757316
7309999	0.0757627
7312499	0.0757937
7314999	0.0758248
7317499	0.0758558
7319999	0.0758868
7322499	0.0759178
7324999	0.0759488
7327499	0.0759798
7329999	0.0760107
7332499	0.0760416
7334999	0.0760725
7337499	0.0761034
7339999	0.0761342
7342499	0.076165
7344999	0.0761958
7347499	0.0762266
7349999	0.0762574
7352499	0.0762881
7354999	0.0763188
7357499	0.0763495
7359999	0.0763802
7362499	0.0764109
7364999	0.0764415
7367499	0.0764721
7369999	0.0765027
7372499	0.0765333
7374999	0.0765638
7377499	0.0765944
7379999	0.0766249
7382499	0.0766554
7384999	0.0766859
7387499	0.0767163
7389999	0.0767467
7392499	0.0767771
7394999	0.0768075
7397499	0.0768379
7399999	0.0768682
7402499	0.0768986
7404999	0.0769289
7407499	0.0769592
7409999	0.0769894
7412499	0.0770197
7414999	0.0770499
7417499	0.0770801
7419999	0.0771103
7422499	0.0771405
7424999	0.0771706
7427499	0.0772007
7429999	0.0772308
7432499	0.0772609
7434999	0.077291
7437499	0.077321
7439999	0.077351
7442499	0.077381
7444999	0.077411
7447499	0.077441
7449999	0.0774709
7452499	0.0775008
7454999	0.0775307
7457499	0.0775606
7459999	0.0775905
7462499	0.0776203
7464999	0.0776501
7467499	0.0776799
7469999	0.0777097
7472499	0.0777395
7474999	0.0777692
7477499	0.077799
7479999	0.0778287
7482499	0.0778583
7484999	0.077888
7487499	0.0779176
7489999	0.0779473
7492499	0.0779769
7494999	0.0780064
7497499	0.078036
7499999	0.0780656
7502499	0.0780951
7504999	0.0781246
7507499	0.0781541
7509999	0.0781835
7512499	0.078213
7514999	0.0782424
7517499	0.0782718
7519999	0.0783012
7522499	0.0783306
7524999	0.0783599
7527499	0.0783892
7529999	0.0784185
7532499	0.0784478
7534999	0.0784771
7537499	0.0785064
7539999	0.0785356
7542499	0.0785648
7544999	0.078594
7547499	0.0786232
7549999	0.0786523
7552499	0.0786815
7554999	0.0787106
7557499	0.0787397
7559999	0.0787687
7562499	0.0787978
7564999	0.0788268
7567499	0.0788558
7569999	0.0788849
7572499	0.0789138
7574999	0.0789428
7577499	0.0789717
7579999	0.0790007
7582499	0.0790296
7584999	0.0790584
7587499	0.0790873
7589999	0.0791162
7592499	0.079145
7594999	0.0791738
7597499	0.0792026
7599999	0.0792314
7602499	0.0792601
7604999	0.0792888
7607499	0.0793176
7609999	0.0793463
7612499	0.0793749
7614999	0.0794036
7617499	0.0794322
7619999	0.0794609
7622499	0.0794894
7624999	0.079518
7627499	0.0795466
7629999	0.0795751
7632499	0.0796037
7634999	0.0796322
7637499	0.0796607
7639999	0.0796891
7642499	0.0797176
7644999	0.079746
7647499	0.0797744
7649999	0.0798028
7652499	0.0798312
7654999	0.0798596
7657499	0.0798879
7659999	0.0799162
7662499	0.0799445
7664999	0.0799728
7667499	0.0800011
7669999	0.0800293
7672499	0.0800576
7674999	0.0800858
7677499	0.080114
7679999	0.0801421
7682499	0.0801703
7684999	0.0801984
7687499	0.0802266
7689999	0.0802547
7692499	0.0802827
7694999	0.0803108
7697499	0.0803389
7699999	0.0803669
7702499	0.0803949
7704999	0.0804229
7707499	0.0804509
7709999	0.0804788
7712499	0.0805067
7714999	0.0805347
7717499	0.0805626
7719999	0.0805905
7722499	0.0806183
7724999	0.0806462
7727499	0.080674
7729999	0.0807018
7732499	0.0807296
7734999	0.0807574
7737499	0.0807851
7739999	0.0808129
7742499	0.0808406
7744999	0.0808683
7747499	0.080896
7749999	0.0809237
7752499	0.0809513
7754999	0.0809789
7757499	0.0810065
7759999	0.0810341
7762499	0.0810617
7764999	0.0810893
7767499	0.0811168
7769999	0.0811444
7772499	0.0811719
7774999	0.0811994
7777499	0.0812268
7779999	0.0812543
7782499	0.0812817
7784999	0.0813091
7787499	0.0813365
7789999	0.0813639
7792499	0.0813913
7794999	0.0814186
7797499	0.081446
7799999	0.0814733
7802499	0.0815006
7804999	0.0815279
7807499	0.0815551
7809999	0.0815824
7812499	0.0816096
7814999	0.0816368
7817499	0.081664
7819999	0.0816912
7822499	0.0817183
7824999	0.0817455
7827499	0.0817726
7829999	0.0817997
7832499	0.0818268
7834999	0.0818539
7837499	0.0818809
7839999	0.081908
7842499	0.081935
7844999	0.081962
7847499	0.081989
7849999	0.0820159
7852499	0.0820429
7854999	0.0820698
7857499	0.0820967
7859999	0.0821236
7862499	0.0821505
7864999	0.0821774
7867499	0.0822042
7869999	0.082231
7872499	0.0822579
7874999	0.0822847
7877499	0.0823114
7879999	0.0823382
7882499	0.0823649
7884999	0.0823917
7887499	0.0824184
7889999	0.0824451
7892499	0.0824718
7894999	0.0824984
7897499	0.0825251
7899999	0.0825517
7902499	0.0825783
7904999	0.0826049
7907499	0.0826315
7909999	0.082658
7912499	0.0826846
7914999	0.0827111
7917499	0.0827376
7919999	0.0827641
7922499	0.0827906
7924999	0.082817
7927499	0.0828435
7929999	0.0828699
7932499	0.0828963
7934999	0.0829227
7937499	0.0829491
7939999	0.0829754
7942499	0.0830018
7944999	0.0830281
7947499	0.0830544
7949999	0.0830807
7952499	0.083107
7954999	0.0831333
7957499	0.0831595
7959999	0.0831857
7962499	0.0832119
7964999	0.0832381
7967499	0.0832643
7969999	0.0832905
7972499	0.0833166
7974999	0.0833427
7977499	0.0833689
7979999	0.0833949
7982499	0.083421
7984999	0.0834471
7987499	0.0834731
7989999	0.0834992
7992499	0.0835252
7994999	0.0835512
7997499	0.0835772
7999999	0.0836031
8002499	0.0836291
8004999	0.083655
8007499	0.0836809
8009999	0.0837068
8012499	0.0837327
8014999	0.0837586
8017499	0.0837844
8019999	0.0838103
8022499	0.0838361
8024999	0.0838619
8027499	0.0838877
8029999	0.0839135
8032499	0.0839392
8034999	0.0839649
8037499	0.0839907
8039999	0.0840164
8042499	0.0840421
8044999	0.0840677
8047499	0.0840934
8049999	0.084119
8052499	0.0841447
8054999	0.0841703
8057499	0.0841959
8059999	0.0842215
8062499	0.084247
8064999	0.0842726
8067499	0.0842981
8069999	0.0843236
8072499	0.0843491
8074999	0.0843746
8077499	0.0844001
8079999	0.0844255
8082499	0.084451
8084999	0.0844764
8087499	0.0845018
8089999	0.0845272
8092499	0.0845526
8094999	0.0845779
8097499	0.0846033
8099999	0.0846286
8102499	0.0846539
8104999	0.0846792
8107499	0.0847045
8109999	0.0847298
8112499	0.084755
8114999	0.0847802
8117499	0.0848055
8119999	0.0848307
8122499	0.0848559
8124999	0.084881
8127499	0.0849062
8129999	0.0849313
8132499	0.0849565
8134999	0.0849816
8137499	0.0850067
8139999	0.0850317
8142499	0.0850568
8144999	0.0850819
8147499	0.0851069
8149999	0.0851319
8152499	0.0851569
8154999	0.0851819
8157499	0.0852069
8159999	0.0852318
8162499	0.0852568
8164999	0.0852817
8167499	0.0853066
8169999	0.0853315
8172499	0.0853564
8174999	0.0853812
8177499	0.0854061
8179999	0.0854309
8182499	0.0854557
8184999	0.0854806
8187499	0.0855053
8189999	0.0855301
8192499	0.0855549
8194999	0.0855796
8197499	0.0856043
8199999	0.0856291
8202499	0.0856538
8204999	0.0856785
8207499	0.0857031
8209999	0.0857278
8212499	0.0857524
8214999	0.085777
8217499	0.0858016
8219999	0.0858262
8222499	0.0858508
8224999	0.0858754
8227499	0.0858999
8229999	0.0859245
8232499	0.085949
8234999	0.0859735
8237499	0.085998
8239999	0.0860225
8242499	0.0860469
8244999	0.0860714
8247499	0.0860958
8249999	0.0861202
8252499	0.0861446
8254999	0.086169
8257499	0.0861934
8259999	0.0862177
8262499	0.0862421
8264999	0.0862664
8267499	0.0862907
8269999	0.086315
8272499	0.0863393
8274999	0.0863635
8277499	0.0863878
8279999	0.086412
8282499	0.0864363
8284999	0.0864605
8287499	0.0864847
8289999	0.0865088
8292499	0.086533
8294999	0.0865572
8297499	0.0865813
8299999	0.0866054
8302499	0.0866295
8304999	0.0866536
8307499	0.0866777
8309999	0.0867018
8312499	0.0867258
8314999	0.0867499
8317499	0.0867739
8319999	0.0867979
8322499	0.0868219
8324999	0.0868458
8327499	0.0868698
8329999	0.0868938
8332499	0.0869177
8334999	0.0869416
8337499	0.0869655
8339999	0.0869894
8342499	0.0870133
8344999	0.0870371
8347499	0.087061
8349999	0.0870848
8352499	0.0871086
8354999	0.0871325
8357499	0.0871562
8359999	0.08718
8362499	0.0872038
8364999	0.0872275
8367499	0.0872513
8369999	0.087275
8372499	0.0872987
8374999	0.0873224
8377499	0.0873461
8379999	0.0873697
8382499	0.0873934
8384999	0.087417
8387499	0.0874406
8389999	0.0874642
8392499	0.0874878
8394999	0.0875114
8397499	0.087535
8399999	0.0875585
8402499	0.0875821
8404999	0.0876056
8407499	0.0876291
8409999	0.0876526
8412499	0.0876761
8414999	0.0876995
8417499	0.087723
8419999	0.0877464
8422499	0.0877699
8424999	0.0877933
8427499	0.0878167
8429999	0.0878401
8432499	0.0878634
8434999	0.0878868
8437499	0.0879101
8439999	0.0879335
8442499	0.0879568
8444999	0.0879801
8447499	0.0880034
8449999	0.0880266
8452499	0.0880499
8454999	0.0880731
8457499	0.0880964
8459999	0.0881196
8462499	0.0881428
8464999	0.088166
8467499	0.0881892
8469999	0.0882123
8472499	0.0882355
8474999	0.0882586
8477499	0.0882817
8479999	0.0883048
8482499	0.0883279
8484999	0.088351
8487499	0.0883741
8489999	0.0883971
8492499	0.0884202
8494999	0.0884432
8497499	0.0884662
8499999	0.0884892
8502499	0.0885122
8504999	0.0885352
8507499	0.0885581
8509999	0.0885811
8512499	0.088604
8514999	0.0886269
8517499	0.0886498
8519999	0.0886727
8522499	0.0886956
8524999	0.0887185
8527499	0.0887413
8529999	0.0887642
8532499	0.088787
8534999	0.0888098
8537499	0.0888326
8539999	0.0888554
8542499	0.0888782
8544999	0.0889009
8547499	0.0889237
8549999	0.0889464
8552499	0.0889691
8554999	0.0889918
8557499	0.0890145
8559999	0.0890372
8562499	0.0890599
8564999	0.0890825
8567499	0.0891051
8569999	0.0891278
8572499	0.0891504
8574999	0.089173
8577499	0.0891956
8579999	0.0892181
8582499	0.0892407
8584999	0.0892633
8587499	0.0892858
8589999	0.0893083
8592499	0.0893308
8594999	0.0893533
8597499	0.0893758
8599999	0.0893983
8602499	0.0894207
8604999	0.0894432
8607499	0.0894656
8609999	0.089488
8612499	0.0895104
8614999	0.0895328
8617499	0.0895552
8619999	0.0895775
8622499	0.0895999
8624999	0.0896222
8627499	0.0896445
8629999	0.0896669
8632499	0.0896892
8634999	0.0897114
8637499	0.0897337
8639999	0.089756
8642499	0.0897782
8644999	0.0898005
8647499	0.0898227
8649999	0.0898449
8652499	0.0898671
8654999	0.0898893
8657499	0.0899114
8659999	0.0899336
8662499	0.0899557
8664999	0.0899779
8667499	0.09
8669999	0.0900221
8672499	0.0900442
8674999	0.0900663
8677499	0.0900884
8679999	0.0901104
8682499	0.0901325
8684999	0.0901545
8687499	0.0901765
8689999	0.0901985
8692499	0.0902205
8694999	0.0902425
8697499	0.0902644
8699999	0.0902864
8702499	0.0903083
8704999	0.0903303
8707499	0.0903522
8709999	0.0903741
8712499	0.090396
8714999	0.0904179
8717499	0.0904397
8719999	0.0904616
8722499	0.0904834
8724999	0.0905052
8727499	0.0905271
8729999	0.0905489
8732499	0.0905707
8734999	0.0905924
8737499	0.0906142
8739999	0.090636
8742499	0.0906577
8744999	0.0906794
8747499	0.0907012
8749999	0.0907229
8752499	0.0907445
8754999	0.0907662
8757499	0.0907879
8759999	0.0908096
8762499	0.0908312
8764999	0.0908528
8767499	0.0908744
8769999	0.090896
8772499	0.0909176
8774999	0.0909392
8777499	0.0909608
8779999	0.0909823
8782499	0.0910039
8784999	0.0910254
8787499	0.0910469
8789999	0.0910684
8792499	0.0910899
8794999	0.0911114
8797499	0.0911329
8799999	0.0911544
8802499	0.0911758
8804999	0.0911972
8807499	0.0912187
8809999	0.0912401
8812499	0.0912615
8814999	0.0912829
8817499	0.0913042
8819999	0.0913256
8822499	0.0913469
8824999	0.0913683
8827499	0.0913896
8829999	0.0914109
8832499	0.0914322
8834999	0.0914535
8837499	0.0914748
8839999	0.091496
8842499	0.0915173
8844999	0.0915385
8847499	0.0915598
8849999	0.091581
8852499	0.0916022
8854999	0.0916234
8857499	0.0916446
8859999	0.0916657
8862499	0.0916869
8864999	0.091708
8867499	0.0917292
8869999	0.0917503
8872499	0.0917714
8874999	0.0917925
8877499	0.0918136
8879999	0.0918346
8882499	0.0918557
8884999	0.0918768
8887499	0.0918978
8889999	0.0919188
8892499	0.0919398
8894999	0.0919608
8897499	0.0919818
8899999	0.0920028
8902499	0.0920238
8904999	0.0920447
8907499	0.0920657
8909999	0.0920866
8912499	0.0921075
8914999	0.0921284
8917499	0.0921493
8919999	0.0921702
8922499	0.0921911
8924999	0.092212
8927499	0.0922328
8929999	0.0922536
8932499	0.0922745
8934999	0.0922953
8937499	0.0923161
8939999	0.0923369
8942499	0.0923577
8944999	0.0923784
8947499	0.0923992
8949999	0.0924199
8952499	0.0924407
8954999	0.0924614
8957499	0.0924821
8959999	0.0925028
8962499	0.0925235
8964999	0.0925442
8967499	0.0925648
8969999	0.0925855
8972499	0.0926061
8974999	0.0926267
8977499	0.0926474
8979999	0.092668
8982499	0.0926886
8984999	0.0927091
8987499	0.0927297
8989999	0.0927503
8992499	0.0927708
8994999	0.0927914
8997499	0.0928119
8999999	0.0928324
9002499	0.0928529
9004999	0.0928734
9007499	0.0928939
9009999	0.0929144
9012499	0.0929348
9014999	0.0929553
9017499	0.0929757
9019999	0.0929961
9022499	0.0930165
9024999	0.0930369
9027499	0.0930573
9029999	0.0930777
9032499	0.0930981
9034999	0.0931184
9037499	0.0931388
9039999	0.0931591
9042499	0.0931794
9044999	0.0931997
9047499	0.09322
9049999	0.0932403
9052499	0.0932606
9054999	0.0932809
9057499	0.0933011
9059999	0.0933214
9062499	0.0933416
9064999	0.0933618
9067499	0.093382
9069999	0.0934022
9072499	0.0934224
9074999	0.0934426
9077499	0.0934628
9079999	0.0934829
9082499	0.0935031
9084999	0.0935232
9087499	0.0935433
9089999	0.0935634
9092499	0.0935835
9094999	0.0936036
9097499	0.0936237
9099999	0.0936438
9102499	0.0936638
9104999	0.0936839
9107499	0.0937039
9109999	0.0937239
9112499	0.0937439
9114999	0.0937639
9117499	0.0937839
9119999	0.0938039
9122499	0.0938239
9124999	0.0938438
9127499	0.0938638
9129999	0.0938837
9132499	0.0939036
9134999	0.0939236
9137499	0.0939435
9139999	0.0939633
9142499	0.0939832
9144999	0.0940031
9147499	0.094023
9149999	0.0940428
9152499	0.0940626
9154999	0.0940825
9157499	0.0941023
9159999	0.0941221
9162499	0.0941419
9164999	0.0941617
9167499	0.0941814
9169999	0.0942012
9172499	0.094221
9174999	0.0942407
9177499	0.0942604
9179999	0.0942801
9182499	0.0942998
9184999	0.0943195
9187499	0.0943392
9189999	0.0943589
9192499	0.0943786
9194999	0.0943982
9197499	0.0944179
9199999	0.0944375
9202499	0.0944571
9204999	0.0944767
9207499	0.0944963
9209999	0.0945159
9212499	0.0945355
9214999	0.0945551
9217499	0.0945746
9219999	0.0945942
9222499	0.0946137
9224999	0.0946332
9227499	0.0946528
9229999	0.0946723
9232499	0.0946918
9234999	0.0947112
9237499	0.0947307
9239999	0.0947502
9242499	0.0947696
9244999	0.0947891
9247499	0.0948085
9249999	0.0948279
9252499	0.0948473
9254999	0.0948667
9257499	0.0948861
9259999	0.0949055
9262499	0.0949249
9264999	0.0949442
9267499	0.0949636
9269999	0.0949829
9272499	0.0950022
9274999	0.0950216
9277499	0.0950409
9279999	0.0950602
9282499	0.0950795
9284999	0.0950987
9287499	0.095118
9289999	0.0951372
9292499	0.0951565
9294999	0.0951757
9297499	0.0951949
9299999	0.0952142
9302499	0.0952334
9304999	0.0952526
9307499	0.0952717
9309999	0.0952909
9312499	0.0953101
9314999	0.0953292
9317499	0.0953484
9319999	0.0953675
9322499	0.0953866
9324999	0.0954057
9327499	0.0954248
9329999	0.0954439
9332499	0.095463
9334999	0.0954821
9337499	0.0955011
9339999	0.0955202
9342499	0.0955392
9344999	0.0955582
9347499	0.0955772
9349999	0.0955963
9352499	0.0956153
9354999	0.0956342
9357499	0.0956532
9359999	0.0956722
9362499	0.0956911
9364999	0.0957101
9367499	0.095729
9369999	0.095748
9372499	0.0957669
9374999	0.0957858
9377499	0.0958047
9379999	0.0958236
9382499	0.0958424
9384999	0.0958613
9387499	0.0958802
9389999	0.095899
9392499	0.0959178
9394999	0.0959367
9397499	0.0959555
9399999	0.0959743
9402499	0.0959931
9404999	0.0960119
9407499	0.0960307
9409999	0.0960494
9412499	0.0960682
9414999	0.0960869
9417499	0.0961057
9419999	0.0961244
9422499	0.0961431
9424999	0.0961618
9427499	0.0961805
9429999	0.0961992
9432499	0.0962179
9434999	0.0962365
9437499	0.0962552
9439999	0.0962738
9442499	0.0962925
9444999	0.0963111
9447499	0.0963297
9449999	0.0963483
9452499	0.0963669
9454999	0.0963855
9457499	0.0964041
9459999	0.0964227
9462499	0.0964412
9464999	0.0964598
9467499	0.0964783
9469999	0.0964968
9472499	0.0965154
9474999	0.0965339
9477499	0.0965524
9479999	0.0965708
9482499	0.0965893
9484999	0.0966078
9487499	0.0966263
9489999	0.0966447
9492499	0.0966632
9494999	0.0966816
9497499	0.0967
9499999	0.0967184
9502499	0.0967368
9504999	0.0967552
9507499	0.0967736
9509999	0.096792
9512499	0.0968103
9514999	0.0968287
9517499	0.096847
9519999	0.0968654
9522499	0.0968837
9524999	0.096902
9527499	0.0969203
9529999	0.0969386
9532499	0.0969569
9534999	0.0969752
9537499	0.0969934
9539999	0.0970117
9542499	0.09703
9544999	0.0970482
9547499	0.0970664
9549999	0.0970846
9552499	0.0971029
9554999	0.0971211
9557499	0.0971392
9559999	0.0971574
9562499	0.0971756
9564999	0.0971938
9567499	0.0972119
9569999	0.0972301
9572499	0.0972482
9574999	0.0972663
9577499	0.0972844
9579999	0.0973025
9582499	0.0973206
9584999	0.0973387
9587499	0.0973568
9589999	0.0973749
9592499	0.0973929
9594999	0.097411
9597499	0.097429
9599999	0.097447
9602499	0.0974651
9604999	0.0974831
9607499	0.0975011
9609999	0.0975191
9612499	0.0975371
9614999	0.097555
9617499	0.097573
9619999	0.097591
9622499	0.0976089
9624999	0.0976268
9627499	0.0976448
9629999	0.0976627
9632499	0.0976806
9634999	0.0976985
9637499	0.0977164
9639999	0.0977343
9642499	0.0977521
9644999	0.09777
9647499	0.0977879
9649999	0.0978057
9652499	0.0978235
9654999	0.0978414
9657499	0.0978592
9659999	0.097877
9662499	0.0978948
9664999	0.0979126
9667499	0.0979303
9669999	0.0979481
9672499	0.0979659
9674999	0.0979836
9677499	0.0980014
9679999	0.0980191
9682499	0.0980368
9684999	0.0980546
9687499	0.0980723
9689999	0.09809
9692499	0.0981076
9694999	0.0981253
9697499	0.098143
9699999	0.0981607
9702499	0.0981783
9704999	0.0981959
9707499	0.0982136
9709999	0.0982312
9712499	0.0982488
9714999	0.0982664
9717499	0.098284
9719999	0.0983016
9722499	0.0983192
9724999	0.0983368
9727499	0.0983543
9729999	0.0983719
9732499	0.0983894
9734999	0.0984069
9737499	0.0984245
9739999	0.098442
9742499	0.0984595
9744999	0.098477
9747499	0.0984945
9749999	0.098512
9752499	0.0985294
9754999	0.0985469
9757499	0.0985643
9759999	0.0985818
9762499	0.0985992
9764999	0.0986167
9767499	0.0986341
9769999	0.0986515
9772499	0.0986689
9774999	0.0986863
9777499	0.0987037
9779999	0.098721
9782499	0.0987384
9784999	0.0987557
9787499	0.0987731
9789999	0.0987904
9792499	0.0988078
9794999	0.0988251
9797499	0.0988424
9799999	0.0988597
9802499	0.098877
9804999	0.0988943
9807499	0.0989115
9809999	0.0989288
9812499	0.0989461
9814999	0.0989633
9817499	0.0989806
9819999	0.0989978
9822499	0.099015
9824999	0.0990322
9827499	0.0990494
9829999	0.0990666
9832499	0.0990838
9834999	0.099101
9837499	0.0991182
9839999	0.0991353
9842499	0.0991525
9844999	0.0991696
9847499	0.0991868
9849999	0.0992039
9852499	0.099221
9854999	0.0992381
9857499	0.0992552
9859999	0.0992723
9862499	0.0992894
9864999	0.0993065
9867499	0.0993235
9869999	0.0993406
9872499	0.0993576
9874999	0.0993747
9877499	0.0993917
9879999	0.0994087
9882499	0.0994258
9884999	0.0994428
9887499	0.0994598
9889999	0.0994767
9892499	0.0994937
9894999	0.0995107
9897499	0.0995277
9899999	0.0995446
9902499	0.0995616
9904999	0.0995785
9907499	0.0995954
9909999	0.0996123
9912499	0.0996293
9914999	0.0996462
9917499	0.0996631
9919999	0.0996799
9922499	0.0996968
9924999	0.0997137
9927499	0.0997305
9929999	0.0997474
9932499	0.0997642
9934999	0.0997811
9937499	0.0997979
9939999	0.0998147
9942499	0.0998315
9944999	0.0998483
9947499	0.0998651
9949999	0.0998819
9952499	0.0998987
9954999	0.0999155
9957499	0.0999322
9959999	0.099949
9962499	0.0999657
9964999	0.0999824
9967499	0.0999992
9969999	0.100016
9972499	0.100033
9974999	0.100049
9977499	0.100066
9979999	0.100083
9982499	0.100099
9984999	0.100116
9987499	0.100133
9989999	0.100149
9992499	0.100166
9994999	0.100183
9997499	0.100199
9999999	0.100216
