-0.998	-76.6332
-0.996	-71.3322
-0.994	-66.3519
-0.992	-61.6753
-0.99	-57.286
-0.988	-53.1683
-0.986	-49.3075
-0.984	-45.6893
-0.982	-42.3005
-0.98	-39.1281
-0.978	-36.1601
-0.976	-33.385
-0.974	-30.7917
-0.972	-28.3698
-0.97	-26.1096
-0.968	-24.0015
-0.966	-22.0367
-0.964	-20.2068
-0.962	-18.5037
-0.96	-16.9198
-0.958	-15.448
-0.956	-14.0814
-0.954	-12.8135
-0.952	-11.6384
-0.95	-10.5501
-0.948	-9.54325
-0.946	-8.61265
-0.944	-7.75342
-0.942	-6.96095
-0.94	-6.23088
-0.938	-5.5591
-0.936	-4.94173
-0.934	-4.37512
-0.932	-3.85581
-0.93	-3.38056
-0.928	-2.9463
-0.926	-2.55018
-0.924	-2.18946
-0.922	-1.86162
-0.92	-1.56426
-0.918	-1.29513
-0.916	-1.05214
-0.914	-0.833291
-0.912	-0.636745
-0.91	-0.460764
-0.908	-0.303724
-0.906	-0.164105
-0.904	-0.040488
-0.902	0.0684538
-0.9	0.163958
-0.898	0.247179
-0.896	0.319193
-0.894	0.381001
-0.892	0.433533
-0.89	0.477657
-0.888	0.514174
-0.886	0.543829
-0.884	0.567314
-0.882	0.585266
-0.88	0.598275
-0.878	0.606886
-0.876	0.6116
-0.874	0.61288
-0.872	0.61115
-0.87	0.6068
-0.868	0.600185
-0.866	0.591633
-0.864	0.581441
-0.862	0.56988
-0.86	0.557196
-0.858	0.543612
-0.856	0.52933
-0.854	0.514531
-0.852	0.499378
-0.85	0.484017
-0.848	0.468579
-0.846	0.453178
-0.844	0.437917
-0.842	0.422884
-0.84	0.408158
-0.838	0.393806
-0.836	0.379885
-0.834	0.366444
-0.832	0.353524
-0.83	0.341158
-0.828	0.329372
-0.826	0.318186
-0.824	0.307617
-0.822	0.297673
-0.82	0.288361
-0.818	0.279681
-0.816	0.271632
-0.814	0.264208
-0.812	0.257403
-0.81	0.251204
-0.808	0.2456
-0.806	0.240577
-0.804	0.236119
-0.802	0.232208
-0.8	0.228827
-0.798	0.225957
-0.796	0.223577
-0.794	0.221669
-0.792	0.22021
-0.79	0.219181
-0.788	0.218561
-0.786	0.21833
-0.784	0.218466
-0.782	0.218949
-0.78	0.219759
-0.778	0.220878
-0.776	0.222285
-0.774	0.223962
-0.772	0.225891
-0.77	0.228055
-0.768	0.230436
-0.766	0.233019
-0.764	0.235788
-0.762	0.238728
-0.76	0.241825
-0.758	0.245065
-0.756	0.248437
-0.754	0.251927
-0.752	0.255525
-0.75	0.259219
-0.748	0.263001
-0.746	0.26686
-0.744	0.270788
-0.742	0.274777
-0.74	0.278819
-0.738	0.282909
-0.736	0.287039
-0.734	0.291205
-0.732	0.295401
-0.73	0.299622
-0.728	0.303865
-0.726	0.308127
-0.724	0.312403
-0.722	0.316692
-0.72	0.320991
-0.718	0.325299
-0.716	0.329614
-0.714	0.333935
-0.712	0.338262
-0.71	0.342594
-0.708	0.34693
-0.706	0.351271
-0.704	0.355618
-0.702	0.359971
-0.7	0.364331
-0.698	0.368699
-0.696	0.373076
-0.694	0.377464
-0.692	0.381865
-0.69	0.386279
-0.688	0.390709
-0.686	0.395157
-0.684	0.399624
-0.682	0.404114
-0.68	0.408627
-0.678	0.413167
-0.676	0.417735
-0.674	0.422335
-0.672	0.426967
-0.67	0.431636
-0.668	0.436342
-0.666	0.441089
-0.664	0.445879
-0.662	0.450714
-0.66	0.455597
-0.658	0.46053
-0.656	0.465516
-0.654	0.470556
-0.652	0.475654
-0.65	0.48081
-0.648	0.486029
-0.646	0.491311
-0.644	0.496659
-0.642	0.502076
-0.64	0.507562
-0.638	0.513121
-0.636	0.518754
-0.634	0.524463
-0.632	0.53025
-0.63	0.536117
-0.628	0.542066
-0.626	0.548098
-0.624	0.554215
-0.622	0.560419
-0.62	0.566711
-0.618	0.573094
-0.616	0.579568
-0.614	0.586135
-0.612	0.592796
-0.61	0.599554
-0.608	0.606408
-0.606	0.613362
-0.604	0.620415
-0.602	0.627569
-0.6	0.634826
-0.598	0.642187
-0.596	0.649652
-0.594	0.657223
-0.592	0.664902
-0.59	0.672689
-0.588	0.680585
-0.586	0.688592
-0.584	0.69671
-0.582	0.704941
-0.58	0.713286
-0.578	0.721745
-0.576	0.73032
-0.574	0.739012
-0.572	0.747821
-0.57	0.75675
-0.568	0.765797
-0.566	0.774966
-0.564	0.784256
-0.562	0.793669
-0.56	0.803206
-0.558	0.812867
-0.556	0.822654
-0.554	0.832568
-0.552	0.842609
-0.55	0.852779
-0.548	0.863079
-0.546	0.87351
-0.544	0.884072
-0.542	0.894767
-0.54	0.905596
-0.538	0.91656
-0.536	0.927659
-0.534	0.938896
-0.532	0.950271
-0.53	0.961785
-0.528	0.97344
-0.526	0.985236
-0.524	0.997174
-0.522	1.00926
-0.52	1.02148
-0.518	1.03386
-0.516	1.04638
-0.514	1.05904
-0.512	1.07186
-0.51	1.08483
-0.508	1.09795
-0.506	1.11122
-0.504	1.12465
-0.502	1.13823
-0.5	1.15197
-0.498	1.16587
-0.496	1.17992
-0.494	1.19414
-0.492	1.20852
-0.49	1.22306
-0.488	1.23776
-0.486	1.25263
-0.484	1.26767
-0.482	1.28287
-0.48	1.29824
-0.478	1.31378
-0.476	1.3295
-0.474	1.34538
-0.472	1.36144
-0.47	1.37768
-0.468	1.39409
-0.466	1.41067
-0.464	1.42744
-0.462	1.44438
-0.46	1.46151
-0.458	1.47882
-0.456	1.49631
-0.454	1.51398
-0.452	1.53184
-0.45	1.54989
-0.448	1.56812
-0.446	1.58654
-0.444	1.60515
-0.442	1.62395
-0.44	1.64294
-0.438	1.66212
-0.436	1.6815
-0.434	1.70107
-0.432	1.72083
-0.43	1.74079
-0.428	1.76095
-0.426	1.7813
-0.424	1.80185
-0.422	1.8226
-0.42	1.84355
-0.418	1.8647
-0.416	1.88605
-0.414	1.9076
-0.412	1.92936
-0.41	1.95131
-0.408	1.97347
-0.406	1.99583
-0.404	2.0184
-0.402	2.04117
-0.4	2.06414
-0.398	2.08732
-0.396	2.11071
-0.394	2.1343
-0.392	2.15809
-0.39	2.18209
-0.388	2.2063
-0.386	2.23071
-0.384	2.25532
-0.382	2.28015
-0.38	2.30517
-0.378	2.33041
-0.376	2.35584
-0.374	2.38149
-0.372	2.40733
-0.37	2.43339
-0.368	2.45964
-0.366	2.4861
-0.364	2.51276
-0.362	2.53962
-0.36	2.56669
-0.358	2.59395
-0.356	2.62142
-0.354	2.64908
-0.352	2.67695
-0.35	2.70501
-0.348	2.73327
-0.346	2.76172
-0.344	2.79037
-0.342	2.81921
-0.34	2.84824
-0.338	2.87746
-0.336	2.90688
-0.334	2.93648
-0.332	2.96626
-0.33	2.99624
-0.328	3.02639
-0.326	3.05673
-0.324	3.08725
-0.322	3.11794
-0.32	3.14881
-0.318	3.17986
-0.316	3.21108
-0.314	3.24246
-0.312	3.27402
-0.31	3.30574
-0.308	3.33763
-0.306	3.36968
-0.304	3.40188
-0.302	3.43424
-0.3	3.46676
-0.298	3.49942
-0.296	3.53224
-0.294	3.5652
-0.292	3.5983
-0.29	3.63155
-0.288	3.66493
-0.286	3.69844
-0.284	3.73208
-0.282	3.76585
-0.28	3.79975
-0.278	3.83376
-0.276	3.8679
-0.274	3.90214
-0.272	3.9365
-0.27	3.97096
-0.268	4.00552
-0.266	4.04019
-0.264	4.07495
-0.262	4.1098
-0.26	4.14473
-0.258	4.17975
-0.256	4.21485
-0.254	4.25002
-0.252	4.28527
-0.25	4.32058
-0.248	4.35595
-0.246	4.39137
-0.244	4.42685
-0.242	4.46238
-0.24	4.49795
-0.238	4.53355
-0.236	4.56919
-0.234	4.60486
-0.232	4.64055
-0.23	4.67626
-0.228	4.71199
-0.226	4.74772
-0.224	4.78345
-0.222	4.81918
-0.22	4.8549
-0.218	4.89061
-0.216	4.9263
-0.214	4.96197
-0.212	4.99761
-0.21	5.03321
-0.208	5.06877
-0.206	5.10428
-0.204	5.13974
-0.202	5.17514
-0.2	5.21048
-0.198	5.24574
-0.196	5.28093
-0.194	5.31604
-0.192	5.35106
-0.19	5.38598
-0.188	5.42081
-0.186	5.45553
-0.184	5.49013
-0.182	5.52462
-0.18	5.55898
-0.178	5.59321
-0.176	5.6273
-0.174	5.66124
-0.172	5.69504
-0.17	5.72868
-0.168	5.76215
-0.166	5.79546
-0.164	5.82859
-0.162	5.86154
-0.16	5.8943
-0.158	5.92686
-0.156	5.95922
-0.154	5.99138
-0.152	6.02332
-0.15	6.05503
-0.148	6.08652
-0.146	6.11778
-0.144	6.1488
-0.142	6.17957
-0.14	6.21008
-0.138	6.24034
-0.136	6.27033
-0.134	6.30005
-0.132	6.32949
-0.13	6.35864
-0.128	6.38751
-0.126	6.41608
-0.124	6.44434
-0.122	6.47229
-0.12	6.49993
-0.118	6.52725
-0.116	6.55424
-0.114	6.58089
-0.112	6.60721
-0.11	6.63318
-0.108	6.65879
-0.106	6.68405
-0.104	6.70895
-0.102	6.73348
-0.1	6.75764
-0.098	6.78141
-0.096	6.8048
-0.094	6.8278
-0.092	6.8504
-0.09	6.8726
-0.088	6.8944
-0.086	6.91578
-0.084	6.93675
-0.082	6.95729
-0.08	6.97741
-0.078	6.9971
-0.076	7.01635
-0.074	7.03516
-0.072	7.05352
-0.07	7.07144
-0.068	7.0889
-0.066	7.1059
-0.064	7.12245
-0.062	7.13852
-0.06	7.15413
-0.058	7.16926
-0.056	7.18392
-0.054	7.19809
-0.052	7.21178
-0.05	7.22498
-0.048	7.23769
-0.046	7.24991
-0.044	7.26162
-0.042	7.27284
-0.04	7.28356
-0.038	7.29377
-0.036	7.30347
-0.034	7.31266
-0.032	7.32134
-0.03	7.3295
-0.028	7.33714
-0.026	7.34427
-0.024	7.35088
-0.022	7.35696
-0.02	7.36252
-0.018	7.36755
-0.016	7.37206
-0.014	7.37604
-0.012	7.37949
-0.01	7.38241
-0.008	7.38481
-0.006	7.38667
-0.004	7.38799
-0.002	7.38879
0	7.38906
0.002	7.38879
0.004	7.38799
0.006	7.38666
0.008	7.3848
0.01	7.38241
0.012	7.37948
0.014	7.37603
0.016	7.37205
0.018	7.36754
0.02	7.3625
0.022	7.35694
0.024	7.35086
0.026	7.34425
0.028	7.33712
0.03	7.32948
0.032	7.32131
0.034	7.31263
0.036	7.30344
0.038	7.29374
0.04	7.28353
0.042	7.27281
0.044	7.2616
0.046	7.24988
0.048	7.23766
0.05	7.22495
0.052	7.21175
0.054	7.19806
0.056	7.18389
0.058	7.16923
0.06	7.1541
0.062	7.1385
0.064	7.12242
0.066	7.10588
0.068	7.08888
0.07	7.07141
0.072	7.0535
0.074	7.03513
0.076	7.01633
0.078	6.99708
0.08	6.97739
0.082	6.95727
0.084	6.93673
0.086	6.91577
0.088	6.89438
0.09	6.87259
0.092	6.85039
0.094	6.82779
0.096	6.8048
0.098	6.78141
0.1	6.75764
0.102	6.73348
0.104	6.70896
0.106	6.68406
0.108	6.6588
0.11	6.63319
0.112	6.60722
0.114	6.58091
0.116	6.55425
0.118	6.52727
0.12	6.49995
0.122	6.47231
0.124	6.44436
0.126	6.4161
0.128	6.38753
0.13	6.35867
0.132	6.32952
0.134	6.30008
0.136	6.27036
0.138	6.24037
0.14	6.21012
0.142	6.1796
0.144	6.14883
0.146	6.11782
0.148	6.08656
0.15	6.05507
0.152	6.02335
0.154	5.99141
0.156	5.95926
0.158	5.9269
0.16	5.89433
0.162	5.86157
0.164	5.82863
0.166	5.79549
0.168	5.76219
0.17	5.72871
0.172	5.69507
0.174	5.66127
0.176	5.62732
0.178	5.59323
0.18	5.559
0.182	5.52464
0.184	5.49015
0.186	5.45554
0.188	5.42082
0.19	5.386
0.192	5.35107
0.194	5.31605
0.196	5.28094
0.198	5.24575
0.2	5.21048
0.202	5.17514
0.204	5.13973
0.206	5.10427
0.208	5.06875
0.21	5.03319
0.212	4.99759
0.214	4.96195
0.216	4.92628
0.218	4.89059
0.22	4.85488
0.222	4.81915
0.224	4.78342
0.226	4.74768
0.228	4.71195
0.23	4.67622
0.232	4.64051
0.234	4.60482
0.236	4.56915
0.238	4.5335
0.24	4.4979
0.242	4.46233
0.244	4.4268
0.246	4.39132
0.248	4.35589
0.25	4.32052
0.252	4.28521
0.254	4.24997
0.256	4.2148
0.258	4.1797
0.26	4.14468
0.262	4.10974
0.264	4.07489
0.266	4.04014
0.268	4.00547
0.27	3.97091
0.272	3.93645
0.274	3.90209
0.276	3.86785
0.278	3.83372
0.28	3.79971
0.282	3.76582
0.284	3.73205
0.286	3.69841
0.288	3.6649
0.29	3.63152
0.292	3.59829
0.294	3.56519
0.296	3.53223
0.298	3.49942
0.3	3.46676
0.302	3.43425
0.304	3.40189
0.306	3.36969
0.308	3.33765
0.31	3.30577
0.312	3.27405
0.314	3.2425
0.316	3.21112
0.318	3.1799
0.32	3.14886
0.322	3.118
0.324	3.08731
0.326	3.05679
0.328	3.02646
0.33	2.99631
0.332	2.96634
0.334	2.93656
0.336	2.90696
0.338	2.87755
0.34	2.84833
0.342	2.8193
0.344	2.79047
0.346	2.76182
0.348	2.73337
0.35	2.70512
0.352	2.67706
0.354	2.64919
0.356	2.62153
0.358	2.59406
0.36	2.5668
0.362	2.53973
0.364	2.51287
0.366	2.4862
0.368	2.45974
0.37	2.43349
0.372	2.40743
0.374	2.38158
0.376	2.35593
0.378	2.33049
0.38	2.30525
0.382	2.28022
0.384	2.25539
0.386	2.23077
0.388	2.20635
0.39	2.18214
0.392	2.15813
0.394	2.13432
0.396	2.11073
0.398	2.08733
0.4	2.06414
0.402	2.04116
0.404	2.01838
0.406	1.9958
0.408	1.97343
0.41	1.95126
0.412	1.92929
0.414	1.90753
0.416	1.88596
0.418	1.8646
0.42	1.84344
0.422	1.82248
0.424	1.80171
0.426	1.78115
0.428	1.76079
0.43	1.74062
0.432	1.72065
0.434	1.70087
0.436	1.68129
0.438	1.66191
0.44	1.64271
0.442	1.62371
0.444	1.60491
0.446	1.58629
0.448	1.56786
0.45	1.54962
0.452	1.53157
0.454	1.51371
0.456	1.49603
0.458	1.47854
0.46	1.46123
0.462	1.44411
0.464	1.42717
0.466	1.4104
0.468	1.39382
0.47	1.37742
0.472	1.36119
0.474	1.34514
0.476	1.32926
0.478	1.31356
0.48	1.29803
0.482	1.28267
0.484	1.26749
0.486	1.25247
0.488	1.23762
0.49	1.22293
0.492	1.20842
0.494	1.19406
0.496	1.17987
0.498	1.16584
0.5	1.15197
0.502	1.13826
0.504	1.12471
0.506	1.11131
0.508	1.09807
0.51	1.08499
0.512	1.07205
0.514	1.05927
0.516	1.04664
0.518	1.03416
0.52	1.02182
0.522	1.00963
0.524	0.997586
0.526	0.985686
0.528	0.973927
0.53	0.96231
0.532	0.950833
0.534	0.939495
0.536	0.928293
0.538	0.917228
0.54	0.906297
0.542	0.8955
0.544	0.884835
0.546	0.8743
0.548	0.863896
0.55	0.853619
0.552	0.84347
0.554	0.833447
0.556	0.823548
0.558	0.813772
0.56	0.804119
0.562	0.794586
0.564	0.785173
0.566	0.775879
0.568	0.766701
0.57	0.75764
0.572	0.748693
0.574	0.73986
0.576	0.731139
0.578	0.72253
0.58	0.71403
0.582	0.705639
0.584	0.697356
0.586	0.689179
0.588	0.681108
0.59	0.67314
0.592	0.665276
0.594	0.657514
0.596	0.649852
0.598	0.64229
0.6	0.634826
0.602	0.62746
0.604	0.62019
0.606	0.613015
0.608	0.605934
0.61	0.598946
0.612	0.59205
0.614	0.585245
0.616	0.578529
0.618	0.571903
0.62	0.565364
0.622	0.558911
0.624	0.552544
0.626	0.546261
0.628	0.540062
0.63	0.533945
0.632	0.52791
0.634	0.521955
0.636	0.51608
0.638	0.510283
0.64	0.504563
0.642	0.49892
0.644	0.493352
0.646	0.487858
0.648	0.482438
0.65	0.477091
0.652	0.471815
0.654	0.46661
0.656	0.461474
0.658	0.456408
0.66	0.451409
0.662	0.446477
0.664	0.441611
0.666	0.43681
0.668	0.432073
0.67	0.4274
0.672	0.422789
0.674	0.41824
0.676	0.413751
0.678	0.409323
0.68	0.404953
0.682	0.400642
0.684	0.396388
0.686	0.392191
0.688	0.38805
0.69	0.383963
0.692	0.379931
0.694	0.375953
0.696	0.372027
0.698	0.368153
0.7	0.364331
0.702	0.36056
0.704	0.356838
0.706	0.353166
0.708	0.349542
0.71	0.345967
0.712	0.342439
0.714	0.338958
0.716	0.335523
0.718	0.332134
0.72	0.32879
0.722	0.325491
0.724	0.322236
0.726	0.319025
0.728	0.315857
0.73	0.312732
0.732	0.30965
0.734	0.30661
0.736	0.303611
0.738	0.300654
0.74	0.297738
0.742	0.294863
0.744	0.292029
0.746	0.289235
0.748	0.286482
0.75	0.283768
0.752	0.281094
0.754	0.27846
0.756	0.275866
0.758	0.273311
0.76	0.270795
0.762	0.26832
0.764	0.265883
0.766	0.263486
0.768	0.261128
0.77	0.25881
0.772	0.256532
0.774	0.254293
0.776	0.252094
0.778	0.249934
0.78	0.247814
0.782	0.245735
0.784	0.243695
0.786	0.241695
0.788	0.239736
0.79	0.237817
0.792	0.235938
0.794	0.2341
0.796	0.232302
0.798	0.230544
0.8	0.228827
0.802	0.227151
0.804	0.225514
0.806	0.223918
0.808	0.222361
0.81	0.220845
0.812	0.219367
0.814	0.217928
0.816	0.216528
0.818	0.215166
0.82	0.213841
0.822	0.212552
0.824	0.2113
0.826	0.210081
0.828	0.208897
0.83	0.207744
0.832	0.206623
0.834	0.205531
0.836	0.204467
0.838	0.203429
0.84	0.202414
0.842	0.201421
0.844	0.200448
0.846	0.199491
0.848	0.198548
0.85	0.197615
0.852	0.196691
0.854	0.19577
0.856	0.19485
0.858	0.193925
0.86	0.192994
0.862	0.192049
0.864	0.191088
0.866	0.190104
0.868	0.189093
0.87	0.188049
0.872	0.186967
0.874	0.185839
0.876	0.184661
0.878	0.183425
0.88	0.182125
0.882	0.180753
0.884	0.179303
0.886	0.177767
0.888	0.176137
0.89	0.174406
0.892	0.172567
0.894	0.17061
0.896	0.168528
0.898	0.166314
0.9	0.163958
0.902	0.161454
0.904	0.158794
0.906	0.155969
0.908	0.152974
0.91	0.149801
0.912	0.146443
0.914	0.142896
0.916	0.139153
0.918	0.13521
0.92	0.131065
0.922	0.126713
0.924	0.122155
0.926	0.117389
0.928	0.112418
0.93	0.107245
0.932	0.101874
0.934	0.096314
0.936	0.0905733
0.938	0.0846646
0.94	0.0786029
0.942	0.0724065
0.944	0.0660973
0.946	0.0597008
0.948	0.0532468
0.95	0.0467699
0.952	0.0403095
0.954	0.0339104
0.956	0.0276235
0.958	0.021506
0.96	0.0156222
0.962	0.0100438
0.964	0.00485099
0.966	0.000132382
0.968	-0.00401366
0.97	-0.00747858
0.972	-0.0101427
0.974	-0.0118747
0.976	-0.0125301
0.978	-0.0119512
0.98	-0.00996513
0.982	-0.00638367
0.984	-0.00100153
0.986	0.00640455
0.988	0.0160771
0.99	0.0282794
0.992	0.0432965
0.994	0.061437
0.996	0.0830347
0.998	0.10845
1	0.138071
